start end pid
1 21 0
21 41 0
41 43 CS
43 63 1
63 65 CS
65 85 0
85 87 CS
87 107 2
107 109 CS
109 129 1
129 131 CS
131 151 3
151 153 CS
153 173 4
173 175 CS
175 195 0
195 197 CS
197 217 5
217 219 CS
219 239 2
239 241 CS
241 261 6
261 263 CS
263 283 7
283 285 CS
285 305 1
305 307 CS
307 327 3
327 329 CS
329 349 8
349 351 CS
351 371 9
371 373 CS
373 393 4
393 395 CS
395 415 10
415 417 CS
417 421 0
421 423 CS
423 443 11
443 445 CS
445 465 12
465 467 CS
467 487 5
487 489 CS
489 509 13
509 511 CS
511 531 2
531 533 CS
533 553 14
553 555 CS
555 575 15
575 577 CS
577 597 16
597 599 CS
599 619 6
619 621 CS
621 641 17
641 643 CS
643 663 18
663 665 CS
665 685 7
685 687 CS
687 707 19
707 709 CS
709 729 20
729 731 CS
731 751 1
751 753 CS
753 773 21
773 775 CS
775 795 22
795 797 CS
797 817 23
817 819 CS
819 839 3
839 841 CS
841 861 24
861 863 CS
863 883 8
883 885 CS
885 905 25
905 907 CS
907 927 9
927 929 CS
929 949 26
949 951 CS
951 971 27
971 973 CS
973 993 4
993 995 CS
995 1015 28
1015 1017 CS
1017 1037 29
1037 1039 CS
1039 1059 30
1059 1061 CS
1061 1081 10
1081 1083 CS
1083 1103 31
1103 1105 CS
1105 1125 32
1125 1127 CS
1127 1147 33
1147 1149 CS
1149 1169 34
1169 1171 CS
1171 1191 11
1191 1193 CS
1193 1213 36
1213 1215 CS
1215 1235 35
1235 1237 CS
1237 1257 12
1257 1259 CS
1259 1279 37
1279 1281 CS
1281 1301 38
1301 1303 CS
1303 1323 39
1323 1325 CS
1325 1345 40
1345 1347 CS
1347 1367 5
1367 1369 CS
1369 1389 41
1389 1391 CS
1391 1411 42
1411 1413 CS
1413 1433 43
1433 1435 CS
1435 1455 44
1455 1457 CS
1457 1477 45
1477 1479 CS
1479 1499 13
1499 1501 CS
1501 1521 46
1521 1523 CS
1523 1543 47
1543 1545 CS
1545 1565 2
1565 1567 CS
1567 1587 14
1587 1589 CS
1589 1609 48
1609 1611 CS
1611 1631 49
1631 1633 CS
1633 1653 15
1653 1655 CS
1655 1675 50
1675 1677 CS
1677 1697 51
1697 1699 CS
1699 1719 52
1719 1721 CS
1721 1741 16
1741 1743 CS
1743 1763 53
1763 1765 CS
1765 1785 54
1785 1787 CS
1787 1807 6
1807 1809 CS
1809 1829 55
1829 1831 CS
1831 1851 17
1851 1853 CS
1853 1873 56
1873 1875 CS
1875 1895 57
1895 1897 CS
1897 1917 58
1917 1919 CS
1919 1939 59
1939 1941 CS
1941 1961 18
1961 1963 CS
1963 1983 60
1983 1985 CS
1985 2005 7
2005 2007 CS
2007 2027 61
2027 2029 CS
2029 2049 19
2049 2051 CS
2051 2071 62
2071 2073 CS
2073 2093 63
2093 2095 CS
2095 2115 20
2115 2117 CS
2117 2137 64
2137 2139 CS
2139 2159 65
2159 2161 CS
2161 2181 66
2181 2183 CS
2183 2203 67
2203 2205 CS
2205 2225 1
2225 2227 CS
2227 2247 68
2247 2249 CS
2249 2269 69
2269 2271 CS
2271 2291 70
2291 2293 CS
2293 2313 21
2313 2315 CS
2315 2335 71
2335 2337 CS
2337 2357 72
2357 2359 CS
2359 2379 75
2379 2381 CS
2381 2401 74
2401 2403 CS
2403 2423 73
2423 2425 CS
2425 2445 76
2445 2447 CS
2447 2467 22
2467 2469 CS
2469 2489 77
2489 2491 CS
2491 2511 78
2511 2513 CS
2513 2533 79
2533 2535 CS
2535 2555 23
2555 2557 CS
2557 2577 80
2577 2579 CS
2579 2599 81
2599 2601 CS
2601 2621 82
2621 2623 CS
2623 2643 83
2643 2645 CS
2645 2665 3
2665 2667 CS
2667 2687 84
2687 2689 CS
2689 2709 86
2709 2711 CS
2711 2731 85
2731 2733 CS
2733 2753 88
2753 2755 CS
2755 2775 87
2775 2777 CS
2777 2797 89
2797 2799 CS
2799 2819 24
2819 2821 CS
2821 2841 90
2841 2843 CS
2843 2863 91
2863 2865 CS
2865 2885 93
2885 2887 CS
2887 2907 92
2907 2909 CS
2909 2929 95
2929 2931 CS
2931 2951 94
2951 2953 CS
2953 2973 8
2973 2975 CS
2975 2995 96
2995 2997 CS
2997 3017 25
3017 3019 CS
3019 3039 98
3039 3041 CS
3041 3061 97
3061 3063 CS
3063 3083 99
3083 3085 CS
3085 3105 100
3105 3107 CS
3107 3127 101
3127 3129 CS
3129 3149 9
3149 3151 CS
3151 3171 102
3171 3173 CS
3173 3193 26
3193 3195 CS
3195 3215 103
3215 3217 CS
3217 3237 27
3237 3239 CS
3239 3259 104
3259 3261 CS
3261 3281 4
3281 3283 CS
3283 3303 28
3303 3305 CS
3305 3325 105
3325 3327 CS
3327 3347 29
3347 3349 CS
3349 3369 106
3369 3371 CS
3371 3391 30
3391 3393 CS
3393 3413 107
3413 3415 CS
3415 3435 108
3435 3437 CS
3437 3457 10
3457 3459 CS
3459 3479 109
3479 3481 CS
3481 3501 110
3501 3503 CS
3503 3523 31
3523 3525 CS
3525 3545 111
3545 3547 CS
3547 3567 112
3567 3569 CS
3569 3589 32
3589 3591 CS
3591 3611 113
3611 3613 CS
3613 3633 114
3633 3635 CS
3635 3655 116
3655 3657 CS
3657 3677 115
3677 3679 CS
3679 3699 117
3699 3701 CS
3701 3721 33
3721 3723 CS
3723 3743 119
3743 3745 CS
3745 3765 118
3765 3767 CS
3767 3787 120
3787 3789 CS
3789 3809 34
3809 3811 CS
3811 3831 121
3831 3833 CS
3833 3853 122
3853 3855 CS
3855 3875 123
3875 3877 CS
3877 3897 11
3897 3899 CS
3899 3919 36
3919 3921 CS
3921 3941 124
3941 3943 CS
3943 3963 35
3963 3965 CS
3965 3985 125
3985 3987 CS
3987 4007 126
4007 4009 CS
4009 4029 12
4029 4031 CS
4031 4051 127
4051 4053 CS
4053 4073 128
4073 4075 CS
4075 4095 37
4095 4097 CS
4097 4117 129
4117 4119 CS
4119 4139 130
4139 4141 CS
4141 4161 38
4161 4163 CS
4163 4183 131
4183 4185 CS
4185 4205 132
4205 4207 CS
4207 4227 133
4227 4229 CS
4229 4249 39
4249 4251 CS
4251 4271 134
4271 4273 CS
4273 4293 135
4293 4295 CS
4295 4315 40
4315 4317 CS
4317 4337 136
4337 4339 CS
4339 4359 5
4359 4361 CS
4361 4381 137
4381 4383 CS
4383 4403 138
4403 4405 CS
4405 4425 41
4425 4427 CS
4427 4447 139
4447 4449 CS
4449 4469 140
4469 4471 CS
4471 4491 141
4491 4493 CS
4493 4513 42
4513 4515 CS
4515 4535 142
4535 4537 CS
4537 4557 143
4557 4559 CS
4559 4579 144
4579 4581 CS
4581 4601 145
4601 4603 CS
4603 4623 43
4623 4625 CS
4625 4645 146
4645 4647 CS
4647 4667 147
4667 4669 CS
4669 4689 148
4689 4691 CS
4691 4711 44
4711 4713 CS
4713 4733 149
4733 4735 CS
4735 4755 45
4755 4757 CS
4757 4777 150
4777 4779 CS
4779 4799 13
4799 4801 CS
4801 4821 151
4821 4823 CS
4823 4843 152
4843 4845 CS
4845 4865 154
4865 4867 CS
4867 4887 153
4887 4889 CS
4889 4909 155
4909 4911 CS
4911 4931 46
4931 4933 CS
4933 4953 156
4953 4955 CS
4955 4975 157
4975 4977 CS
4977 4997 47
4997 4999 CS
4999 5019 158
5019 5021 CS
5021 5041 159
5041 5043 CS
5043 5049 2
5049 5051 CS
5051 5071 160
5071 5073 CS
5073 5093 161
5093 5095 CS
5095 5115 162
5115 5117 CS
5117 5137 163
5137 5139 CS
5139 5159 14
5159 5161 CS
5161 5181 164
5181 5183 CS
5183 5203 165
5203 5205 CS
5205 5225 48
5225 5227 CS
5227 5247 166
5247 5249 CS
5249 5269 167
5269 5271 CS
5271 5291 168
5291 5293 CS
5293 5313 169
5313 5315 CS
5315 5335 170
5335 5337 CS
5337 5357 171
5357 5359 CS
5359 5379 49
5379 5381 CS
5381 5401 172
5401 5403 CS
5403 5423 173
5423 5425 CS
5425 5445 174
5445 5447 CS
5447 5467 175
5467 5469 CS
5469 5489 15
5489 5491 CS
5491 5511 176
5511 5513 CS
5513 5533 177
5533 5535 CS
5535 5555 178
5555 5557 CS
5557 5577 179
5577 5579 CS
5579 5599 50
5599 5601 CS
5601 5621 180
5621 5623 CS
5623 5643 181
5643 5645 CS
5645 5665 182
5665 5667 CS
5667 5687 183
5687 5689 CS
5689 5709 51
5709 5711 CS
5711 5731 184
5731 5733 CS
5733 5753 185
5753 5755 CS
5755 5775 52
5775 5777 CS
5777 5797 186
5797 5799 CS
5799 5819 187
5819 5821 CS
5821 5841 16
5841 5843 CS
5843 5863 188
5863 5865 CS
5865 5885 189
5885 5887 CS
5887 5907 53
5907 5909 CS
5909 5929 54
5929 5931 CS
5931 5951 191
5951 5953 CS
5953 5973 190
5973 5975 CS
5975 5995 192
5995 5997 CS
5997 6017 193
6017 6019 CS
6019 6039 194
6039 6041 CS
6041 6061 6
6061 6063 CS
6063 6083 195
6083 6085 CS
6085 6105 55
6105 6107 CS
6107 6127 196
6127 6129 CS
6129 6149 17
6149 6151 CS
6151 6171 197
6171 6173 CS
6173 6193 198
6193 6195 CS
6195 6215 199
6215 6217 CS
6217 6237 56
6237 6239 CS
6239 6259 57
6259 6261 CS
6261 6281 58
6281 6283 CS
6283 6303 59
6303 6305 CS
6305 6325 18
6325 6327 CS
6327 6347 60
6347 6349 CS
6349 6369 7
6369 6371 CS
6371 6391 61
6391 6393 CS
6393 6413 19
6413 6415 CS
6415 6435 62
6435 6437 CS
6437 6457 63
6457 6459 CS
6459 6479 20
6479 6481 CS
6481 6501 64
6501 6503 CS
6503 6523 65
6523 6525 CS
6525 6545 66
6545 6547 CS
6547 6567 67
6567 6569 CS
6569 6577 1
6577 6579 CS
6579 6599 68
6599 6601 CS
6601 6621 69
6621 6623 CS
6623 6643 70
6643 6645 CS
6645 6665 21
6665 6667 CS
6667 6687 71
6687 6689 CS
6689 6709 72
6709 6711 CS
6711 6731 75
6731 6733 CS
6733 6753 74
6753 6755 CS
6755 6775 73
6775 6777 CS
6777 6797 76
6797 6799 CS
6799 6819 22
6819 6821 CS
6821 6841 77
6841 6843 CS
6843 6863 78
6863 6865 CS
6865 6885 79
6885 6887 CS
6887 6907 23
6907 6909 CS
6909 6929 80
6929 6931 CS
6931 6951 81
6951 6953 CS
6953 6973 82
6973 6975 CS
6975 6995 83
6995 6997 CS
6997 7017 3
7017 7019 CS
7019 7039 84
7039 7041 CS
7041 7061 86
7061 7063 CS
7063 7083 85
7083 7085 CS
7085 7105 88
7105 7107 CS
7107 7127 87
7127 7129 CS
7129 7149 89
7149 7151 CS
7151 7171 24
7171 7173 CS
7173 7193 90
7193 7195 CS
7195 7215 91
7215 7217 CS
7217 7237 93
7237 7239 CS
7239 7259 92
7259 7261 CS
7261 7281 95
7281 7283 CS
7283 7303 94
7303 7305 CS
7305 7325 8
7325 7327 CS
7327 7347 96
7347 7349 CS
7349 7369 25
7369 7371 CS
7371 7391 98
7391 7393 CS
7393 7413 97
7413 7415 CS
7415 7435 99
7435 7437 CS
7437 7457 100
7457 7459 CS
7459 7479 101
7479 7481 CS
7481 7501 9
7501 7503 CS
7503 7523 102
7523 7525 CS
7525 7545 26
7545 7547 CS
7547 7567 103
7567 7569 CS
7569 7589 27
7589 7591 CS
7591 7611 104
7611 7613 CS
7613 7633 28
7633 7635 CS
7635 7655 105
7655 7657 CS
7657 7677 29
7677 7679 CS
7679 7699 106
7699 7701 CS
7701 7721 30
7721 7723 CS
7723 7743 107
7743 7745 CS
7745 7765 108
7765 7767 CS
7767 7787 10
7787 7789 CS
7789 7809 109
7809 7811 CS
7811 7831 110
7831 7833 CS
7833 7853 31
7853 7855 CS
7855 7875 111
7875 7877 CS
7877 7897 112
7897 7899 CS
7899 7919 32
7919 7921 CS
7921 7941 113
7941 7943 CS
7943 7963 114
7963 7965 CS
7965 7985 116
7985 7987 CS
7987 8007 115
8007 8009 CS
8009 8029 117
8029 8031 CS
8031 8051 33
8051 8053 CS
8053 8073 119
8073 8075 CS
8075 8095 118
8095 8097 CS
8097 8117 120
8117 8119 CS
8119 8139 34
8139 8141 CS
8141 8161 121
8161 8163 CS
8163 8183 122
8183 8185 CS
8185 8205 123
8205 8207 CS
8207 8227 11
8227 8229 CS
8229 8249 36
8249 8251 CS
8251 8271 124
8271 8273 CS
8273 8293 35
8293 8295 CS
8295 8315 125
8315 8317 CS
8317 8337 126
8337 8339 CS
8339 8359 12
8359 8361 CS
8361 8381 127
8381 8383 CS
8383 8403 128
8403 8405 CS
8405 8425 37
8425 8427 CS
8427 8447 129
8447 8449 CS
8449 8469 130
8469 8471 CS
8471 8491 38
8491 8493 CS
8493 8513 131
8513 8515 CS
8515 8535 132
8535 8537 CS
8537 8557 133
8557 8559 CS
8559 8579 39
8579 8581 CS
8581 8601 134
8601 8603 CS
8603 8623 135
8623 8625 CS
8625 8645 40
8645 8647 CS
8647 8667 136
8667 8669 CS
8669 8683 5
8683 8685 CS
8685 8705 137
8705 8707 CS
8707 8727 138
8727 8729 CS
8729 8749 41
8749 8751 CS
8751 8771 139
8771 8773 CS
8773 8793 140
8793 8795 CS
8795 8815 141
8815 8817 CS
8817 8837 42
8837 8839 CS
8839 8859 142
8859 8861 CS
8861 8881 143
8881 8883 CS
8883 8903 144
8903 8905 CS
8905 8925 145
8925 8927 CS
8927 8947 43
8947 8949 CS
8949 8969 146
8969 8971 CS
8971 8991 147
8991 8993 CS
8993 9013 148
9013 9015 CS
9015 9035 44
9035 9037 CS
9037 9057 149
9057 9059 CS
9059 9079 45
9079 9081 CS
9081 9101 150
9101 9103 CS
9103 9123 13
9123 9125 CS
9125 9145 151
9145 9147 CS
9147 9167 152
9167 9169 CS
9169 9189 154
9189 9191 CS
9191 9211 153
9211 9213 CS
9213 9233 155
9233 9235 CS
9235 9255 46
9255 9257 CS
9257 9277 156
9277 9279 CS
9279 9299 157
9299 9301 CS
9301 9321 47
9321 9323 CS
9323 9343 158
9343 9345 CS
9345 9365 159
9365 9367 CS
9367 9387 160
9387 9389 CS
9389 9409 161
9409 9411 CS
9411 9431 162
9431 9433 CS
9433 9453 163
9453 9455 CS
9455 9475 14
9475 9477 CS
9477 9497 164
9497 9499 CS
9499 9519 165
9519 9521 CS
9521 9541 48
9541 9543 CS
9543 9563 166
9563 9565 CS
9565 9585 167
9585 9587 CS
9587 9607 168
9607 9609 CS
9609 9629 169
9629 9631 CS
9631 9651 170
9651 9653 CS
9653 9673 171
9673 9675 CS
9675 9695 49
9695 9697 CS
9697 9717 172
9717 9719 CS
9719 9739 173
9739 9741 CS
9741 9761 174
9761 9763 CS
9763 9783 175
9783 9785 CS
9785 9805 15
9805 9807 CS
9807 9827 176
9827 9829 CS
9829 9849 177
9849 9851 CS
9851 9871 178
9871 9873 CS
9873 9893 179
9893 9895 CS
9895 9915 50
9915 9917 CS
9917 9937 180
9937 9939 CS
9939 9959 181
9959 9961 CS
9961 9981 182
9981 9983 CS
9983 10003 183
10003 10005 CS
10005 10025 51
10025 10027 CS
10027 10047 184
10047 10049 CS
10049 10069 185
10069 10071 CS
10071 10091 52
10091 10093 CS
10093 10113 186
10113 10115 CS
10115 10135 187
10135 10137 CS
10137 10157 16
10157 10159 CS
10159 10179 188
10179 10181 CS
10181 10201 189
10201 10203 CS
10203 10223 53
10223 10225 CS
10225 10245 54
10245 10247 CS
10247 10267 191
10267 10269 CS
10269 10289 190
10289 10291 CS
10291 10311 192
10311 10313 CS
10313 10333 193
10333 10335 CS
10335 10355 194
10355 10357 CS
10357 10358 6
10358 10360 CS
10360 10380 195
10380 10382 CS
10382 10402 55
10402 10404 CS
10404 10424 196
10424 10426 CS
10426 10446 17
10446 10448 CS
10448 10468 197
10468 10470 CS
10470 10490 198
10490 10492 CS
10492 10512 199
10512 10514 CS
10514 10534 56
10534 10536 CS
10536 10556 57
10556 10558 CS
10558 10578 58
10578 10580 CS
10580 10600 59
10600 10602 CS
10602 10622 18
10622 10624 CS
10624 10644 60
10644 10646 CS
10646 10666 61
10666 10668 CS
10668 10688 19
10688 10690 CS
10690 10710 62
10710 10712 CS
10712 10732 63
10732 10734 CS
10734 10754 20
10754 10756 CS
10756 10776 64
10776 10778 CS
10778 10798 65
10798 10800 CS
10800 10820 66
10820 10822 CS
10822 10842 67
10842 10844 CS
10844 10864 68
10864 10866 CS
10866 10886 69
10886 10888 CS
10888 10908 70
10908 10910 CS
10910 10930 21
10930 10932 CS
10932 10952 71
10952 10954 CS
10954 10974 72
10974 10976 CS
10976 10996 75
10996 10998 CS
10998 11018 74
11018 11020 CS
11020 11040 73
11040 11042 CS
11042 11062 76
11062 11064 CS
11064 11084 22
11084 11086 CS
11086 11106 77
11106 11108 CS
11108 11128 78
11128 11130 CS
11130 11150 79
11150 11152 CS
11152 11172 23
11172 11174 CS
11174 11194 80
11194 11196 CS
11196 11216 81
11216 11218 CS
11218 11238 82
11238 11240 CS
11240 11260 83
11260 11262 CS
11262 11266 3
11266 11268 CS
11268 11288 84
11288 11290 CS
11290 11310 86
11310 11312 CS
11312 11332 85
11332 11334 CS
11334 11354 88
11354 11356 CS
11356 11376 87
11376 11378 CS
11378 11398 89
11398 11400 CS
11400 11420 24
11420 11422 CS
11422 11442 90
11442 11444 CS
11444 11464 91
11464 11466 CS
11466 11486 93
11486 11488 CS
11488 11508 92
11508 11510 CS
11510 11530 95
11530 11532 CS
11532 11552 94
11552 11554 CS
11554 11555 8
11555 11557 CS
11557 11577 96
11577 11579 CS
11579 11599 25
11599 11601 CS
11601 11621 98
11621 11623 CS
11623 11643 97
11643 11645 CS
11645 11665 99
11665 11667 CS
11667 11687 100
11687 11689 CS
11689 11709 101
11709 11711 CS
11711 11731 9
11731 11733 CS
11733 11753 102
11753 11755 CS
11755 11775 26
11775 11777 CS
11777 11797 103
11797 11799 CS
11799 11819 27
11819 11821 CS
11821 11841 104
11841 11843 CS
11843 11863 28
11863 11865 CS
11865 11885 105
11885 11887 CS
11887 11907 29
11907 11909 CS
11909 11929 106
11929 11931 CS
11931 11951 30
11951 11953 CS
11953 11973 107
11973 11975 CS
11975 11995 108
11995 11997 CS
11997 12011 10
12011 12013 CS
12013 12033 109
12033 12035 CS
12035 12055 110
12055 12057 CS
12057 12077 31
12077 12079 CS
12079 12099 111
12099 12101 CS
12101 12121 112
12121 12123 CS
12123 12143 32
12143 12145 CS
12145 12165 113
12165 12167 CS
12167 12187 114
12187 12189 CS
12189 12209 116
12209 12211 CS
12211 12231 115
12231 12233 CS
12233 12253 117
12253 12255 CS
12255 12275 33
12275 12277 CS
12277 12297 119
12297 12299 CS
12299 12319 118
12319 12321 CS
12321 12341 120
12341 12343 CS
12343 12363 34
12363 12365 CS
12365 12385 121
12385 12387 CS
12387 12407 122
12407 12409 CS
12409 12429 123
12429 12431 CS
12431 12451 11
12451 12453 CS
12453 12473 36
12473 12475 CS
12475 12495 124
12495 12497 CS
12497 12517 35
12517 12519 CS
12519 12539 125
12539 12541 CS
12541 12561 126
12561 12563 CS
12563 12581 12
12581 12583 CS
12583 12603 127
12603 12605 CS
12605 12625 128
12625 12627 CS
12627 12647 37
12647 12649 CS
12649 12669 129
12669 12671 CS
12671 12691 130
12691 12693 CS
12693 12713 38
12713 12715 CS
12715 12735 131
12735 12737 CS
12737 12757 132
12757 12759 CS
12759 12779 133
12779 12781 CS
12781 12801 39
12801 12803 CS
12803 12823 134
12823 12825 CS
12825 12845 135
12845 12847 CS
12847 12867 40
12867 12869 CS
12869 12889 136
12889 12891 CS
12891 12911 137
12911 12913 CS
12913 12933 138
12933 12935 CS
12935 12955 41
12955 12957 CS
12957 12977 139
12977 12979 CS
12979 12999 140
12999 13001 CS
13001 13021 141
13021 13023 CS
13023 13043 42
13043 13045 CS
13045 13065 142
13065 13067 CS
13067 13087 143
13087 13089 CS
13089 13109 144
13109 13111 CS
13111 13131 145
13131 13133 CS
13133 13153 43
13153 13155 CS
13155 13175 146
13175 13177 CS
13177 13197 147
13197 13199 CS
13199 13219 148
13219 13221 CS
13221 13241 44
13241 13243 CS
13243 13263 149
13263 13265 CS
13265 13285 45
13285 13287 CS
13287 13307 150
13307 13309 CS
13309 13329 13
13329 13331 CS
13331 13351 151
13351 13353 CS
13353 13373 152
13373 13375 CS
13375 13395 154
13395 13397 CS
13397 13417 153
13417 13419 CS
13419 13439 155
13439 13441 CS
13441 13461 46
13461 13463 CS
13463 13483 156
13483 13485 CS
13485 13505 157
13505 13507 CS
13507 13527 47
13527 13529 CS
13529 13549 158
13549 13551 CS
13551 13571 159
13571 13573 CS
13573 13593 160
13593 13595 CS
13595 13615 161
13615 13617 CS
13617 13637 162
13637 13639 CS
13639 13659 163
13659 13661 CS
13661 13673 14
13673 13675 CS
13675 13695 164
13695 13697 CS
13697 13717 165
13717 13719 CS
13719 13739 48
13739 13741 CS
13741 13761 166
13761 13763 CS
13763 13783 167
13783 13785 CS
13785 13805 168
13805 13807 CS
13807 13827 169
13827 13829 CS
13829 13849 170
13849 13851 CS
13851 13871 171
13871 13873 CS
13873 13893 49
13893 13895 CS
13895 13915 172
13915 13917 CS
13917 13937 173
13937 13939 CS
13939 13959 174
13959 13961 CS
13961 13981 175
13981 13983 CS
13983 14003 15
14003 14005 CS
14005 14025 176
14025 14027 CS
14027 14047 177
14047 14049 CS
14049 14069 178
14069 14071 CS
14071 14091 179
14091 14093 CS
14093 14113 50
14113 14115 CS
14115 14135 180
14135 14137 CS
14137 14157 181
14157 14159 CS
14159 14179 182
14179 14181 CS
14181 14201 183
14201 14203 CS
14203 14223 51
14223 14225 CS
14225 14245 184
14245 14247 CS
14247 14267 185
14267 14269 CS
14269 14289 52
14289 14291 CS
14291 14311 186
14311 14313 CS
14313 14333 187
14333 14335 CS
14335 14337 16
14337 14339 CS
14339 14359 188
14359 14361 CS
14361 14381 189
14381 14383 CS
14383 14403 53
14403 14405 CS
14405 14425 54
14425 14427 CS
14427 14447 191
14447 14449 CS
14449 14469 190
14469 14471 CS
14471 14491 192
14491 14493 CS
14493 14513 193
14513 14515 CS
14515 14535 194
14535 14537 CS
14537 14557 195
14557 14559 CS
14559 14579 55
14579 14581 CS
14581 14601 196
14601 14603 CS
14603 14623 17
14623 14625 CS
14625 14645 197
14645 14647 CS
14647 14667 198
14667 14669 CS
14669 14689 199
14689 14691 CS
14691 14711 56
14711 14713 CS
14713 14733 57
14733 14735 CS
14735 14755 58
14755 14757 CS
14757 14777 59
14777 14779 CS
14779 14799 18
14799 14801 CS
14801 14821 60
14821 14823 CS
14823 14843 61
14843 14845 CS
14845 14851 19
14851 14853 CS
14853 14873 62
14873 14875 CS
14875 14895 63
14895 14897 CS
14897 14917 20
14917 14919 CS
14919 14939 64
14939 14941 CS
14941 14961 65
14961 14963 CS
14963 14983 66
14983 14985 CS
14985 15005 67
15005 15007 CS
15007 15027 68
15027 15029 CS
15029 15049 69
15049 15051 CS
15051 15071 70
15071 15073 CS
15073 15092 21
15092 15094 CS
15094 15114 71
15114 15116 CS
15116 15136 72
15136 15138 CS
15138 15158 75
15158 15160 CS
15160 15180 74
15180 15182 CS
15182 15202 73
15202 15204 CS
15204 15224 76
15224 15226 CS
15226 15236 22
15236 15238 CS
15238 15258 77
15258 15260 CS
15260 15280 78
15280 15282 CS
15282 15302 79
15302 15304 CS
15304 15324 80
15324 15326 CS
15326 15346 81
15346 15348 CS
15348 15368 82
15368 15370 CS
15370 15390 83
15390 15392 CS
15392 15412 84
15412 15414 CS
15414 15434 86
15434 15436 CS
15436 15456 85
15456 15458 CS
15458 15478 88
15478 15480 CS
15480 15500 87
15500 15502 CS
15502 15522 89
15522 15524 CS
15524 15544 24
15544 15546 CS
15546 15566 90
15566 15568 CS
15568 15588 91
15588 15590 CS
15590 15610 93
15610 15612 CS
15612 15632 92
15632 15634 CS
15634 15654 95
15654 15656 CS
15656 15676 94
15676 15678 CS
15678 15698 96
15698 15700 CS
15700 15720 25
15720 15722 CS
15722 15742 98
15742 15744 CS
15744 15764 97
15764 15766 CS
15766 15786 99
15786 15788 CS
15788 15808 100
15808 15810 CS
15810 15830 101
15830 15832 CS
15832 15843 9
15843 15845 CS
15845 15865 102
15865 15867 CS
15867 15887 26
15887 15889 CS
15889 15909 103
15909 15911 CS
15911 15931 27
15931 15933 CS
15933 15953 104
15953 15955 CS
15955 15968 28
15968 15970 CS
15970 15990 105
15990 15992 CS
15992 16012 29
16012 16014 CS
16014 16034 106
16034 16036 CS
16036 16056 30
16056 16058 CS
16058 16078 107
16078 16080 CS
16080 16100 108
16100 16102 CS
16102 16122 109
16122 16124 CS
16124 16144 110
16144 16146 CS
16146 16166 31
16166 16168 CS
16168 16188 111
16188 16190 CS
16190 16210 112
16210 16212 CS
16212 16232 32
16232 16234 CS
16234 16254 113
16254 16256 CS
16256 16276 114
16276 16278 CS
16278 16298 116
16298 16300 CS
16300 16320 115
16320 16322 CS
16322 16342 117
16342 16344 CS
16344 16345 33
16345 16347 CS
16347 16367 119
16367 16369 CS
16369 16389 118
16389 16391 CS
16391 16411 120
16411 16413 CS
16413 16424 34
16424 16426 CS
16426 16446 121
16446 16448 CS
16448 16468 122
16468 16470 CS
16470 16490 123
16490 16492 CS
16492 16498 11
16498 16500 CS
16500 16501 36
16501 16503 CS
16503 16523 124
16523 16525 CS
16525 16541 35
16541 16543 CS
16543 16563 125
16563 16565 CS
16565 16585 126
16585 16587 CS
16587 16607 127
16607 16609 CS
16609 16629 128
16629 16631 CS
16631 16648 37
16648 16650 CS
16650 16670 129
16670 16672 CS
16672 16692 130
16692 16694 CS
16694 16714 38
16714 16716 CS
16716 16736 131
16736 16738 CS
16738 16758 132
16758 16760 CS
16760 16780 133
16780 16782 CS
16782 16792 39
16792 16794 CS
16794 16814 134
16814 16816 CS
16816 16836 135
16836 16838 CS
16838 16848 40
16848 16850 CS
16850 16870 136
16870 16872 CS
16872 16892 137
16892 16894 CS
16894 16914 138
16914 16916 CS
16916 16934 41
16934 16936 CS
16936 16956 139
16956 16958 CS
16958 16978 140
16978 16980 CS
16980 17000 141
17000 17002 CS
17002 17009 42
17009 17011 CS
17011 17031 142
17031 17033 CS
17033 17053 143
17053 17055 CS
17055 17075 144
17075 17077 CS
17077 17097 145
17097 17099 CS
17099 17119 43
17119 17121 CS
17121 17141 146
17141 17143 CS
17143 17163 147
17163 17165 CS
17165 17185 148
17185 17187 CS
17187 17207 44
17207 17209 CS
17209 17229 149
17229 17231 CS
17231 17232 45
17232 17234 CS
17234 17254 150
17254 17256 CS
17256 17268 13
17268 17270 CS
17270 17290 151
17290 17292 CS
17292 17312 152
17312 17314 CS
17314 17334 154
17334 17336 CS
17336 17356 153
17356 17358 CS
17358 17378 155
17378 17380 CS
17380 17382 46
17382 17384 CS
17384 17404 156
17404 17406 CS
17406 17426 157
17426 17428 CS
17428 17448 47
17448 17450 CS
17450 17470 158
17470 17472 CS
17472 17492 159
17492 17494 CS
17494 17514 160
17514 17516 CS
17516 17536 161
17536 17538 CS
17538 17558 162
17558 17560 CS
17560 17580 163
17580 17582 CS
17582 17602 164
17602 17604 CS
17604 17624 165
17624 17626 CS
17626 17646 48
17646 17648 CS
17648 17668 166
17668 17670 CS
17670 17690 167
17690 17692 CS
17692 17712 168
17712 17714 CS
17714 17734 169
17734 17736 CS
17736 17756 170
17756 17758 CS
17758 17778 171
17778 17780 CS
17780 17781 49
17781 17783 CS
17783 17803 172
17803 17805 CS
17805 17825 173
17825 17827 CS
17827 17847 174
17847 17849 CS
17849 17869 175
17869 17871 CS
17871 17882 15
17882 17884 CS
17884 17904 176
17904 17906 CS
17906 17926 177
17926 17928 CS
17928 17948 178
17948 17950 CS
17950 17970 179
17970 17972 CS
17972 17992 50
17992 17994 CS
17994 18014 180
18014 18016 CS
18016 18036 181
18036 18038 CS
18038 18058 182
18058 18060 CS
18060 18080 183
18080 18082 CS
18082 18090 51
18090 18092 CS
18092 18112 184
18112 18114 CS
18114 18134 185
18134 18136 CS
18136 18140 52
18140 18142 CS
18142 18162 186
18162 18164 CS
18164 18184 187
18184 18186 CS
18186 18206 188
18206 18208 CS
18208 18228 189
18228 18230 CS
18230 18250 53
18250 18252 CS
18252 18272 54
18272 18274 CS
18274 18294 191
18294 18296 CS
18296 18316 190
18316 18318 CS
18318 18338 192
18338 18340 CS
18340 18360 193
18360 18362 CS
18362 18382 194
18382 18384 CS
18384 18404 195
18404 18406 CS
18406 18426 55
18426 18428 CS
18428 18448 196
18448 18450 CS
18450 18455 17
18455 18457 CS
18457 18477 197
18477 18479 CS
18479 18499 198
18499 18501 CS
18501 18521 199
18521 18523 CS
18523 18543 56
18543 18545 CS
18545 18565 57
18565 18567 CS
18567 18587 58
18587 18589 CS
18589 18609 59
18609 18611 CS
18611 18614 18
18614 18616 CS
18616 18636 60
18636 18638 CS
18638 18639 61
18639 18641 CS
18641 18661 62
18661 18663 CS
18663 18680 63
18680 18682 CS
18682 18685 20
18685 18687 CS
18687 18707 64
18707 18709 CS
18709 18729 65
18729 18731 CS
18731 18736 66
18736 18738 CS
18738 18758 67
18758 18760 CS
18760 18780 68
18780 18782 CS
18782 18802 69
18802 18804 CS
18804 18824 70
18824 18826 CS
18826 18832 71
18832 18834 CS
18834 18854 72
18854 18856 CS
18856 18873 75
18873 18875 CS
18875 18895 74
18895 18897 CS
18897 18917 73
18917 18919 CS
18919 18926 76
18926 18928 CS
18928 18930 77
18930 18932 CS
18932 18934 79
18934 18936 CS
18936 18956 80
18956 18958 CS
18958 18968 81
18968 18970 CS
18970 18976 82
18976 18978 CS
18978 18998 83
18998 19000 CS
19000 19020 84
19020 19022 CS
19022 19040 86
19040 19042 CS
19042 19062 85
19062 19064 CS
19064 19084 88
19084 19086 CS
19086 19106 87
19106 19108 CS
19108 19121 89
19121 19123 CS
19123 19138 24
19138 19140 CS
19140 19160 90
19160 19162 CS
19162 19182 91
19182 19184 CS
19184 19204 93
19204 19206 CS
19206 19226 92
19226 19228 CS
19228 19239 95
19239 19241 CS
19241 19255 94
19255 19257 CS
19257 19276 96
19276 19278 CS
19278 19294 25
19294 19296 CS
19296 19310 98
19310 19312 CS
19312 19332 97
19332 19334 CS
19334 19351 99
19351 19353 CS
19353 19354 100
19354 19356 CS
19356 19376 101
19376 19378 CS
19378 19387 102
19387 19389 CS
19389 19404 26
19404 19406 CS
19406 19426 103
19426 19428 CS
19428 19440 27
19440 19442 CS
19442 19453 104
19453 19455 CS
19455 19475 105
19475 19477 CS
19477 19480 29
19480 19482 CS
19482 19502 106
19502 19504 CS
19504 19516 30
19516 19518 CS
19518 19527 107
19527 19529 CS
19529 19549 108
19549 19551 CS
19551 19564 109
19564 19566 CS
19566 19576 110
19576 19578 CS
19578 19584 31
19584 19586 CS
19586 19590 111
19590 19592 CS
19592 19612 112
19612 19614 CS
19614 19633 32
19633 19635 CS
19635 19655 113
19655 19657 CS
19657 19677 114
19677 19679 CS
19679 19699 116
19699 19701 CS
19701 19721 115
19721 19723 CS
19723 19731 117
19731 19733 CS
19733 19753 119
19753 19755 CS
19755 19775 118
19775 19777 CS
19777 19797 120
19797 19799 CS
19799 19819 121
19819 19821 CS
19821 19841 122
19841 19843 CS
19843 19863 123
19863 19865 CS
19865 19879 124
19879 19881 CS
19881 19901 125
19901 19903 CS
19903 19916 126
19916 19918 CS
19918 19938 127
19938 19940 CS
19940 19960 128
19960 19962 CS
19962 19982 129
19982 19984 CS
19984 19993 130
19993 19995 CS
19995 20014 38
20014 20016 CS
20016 20036 131
20036 20038 CS
20038 20058 132
20058 20060 CS
20060 20070 133
20070 20072 CS
20072 20077 134
20077 20079 CS
20079 20084 135
20084 20086 CS
20086 20091 136
20091 20093 CS
20093 20113 137
20113 20115 CS
20115 20135 138
20135 20137 CS
20137 20157 139
20157 20159 CS
20159 20179 140
20179 20181 CS
20181 20198 141
20198 20200 CS
20200 20201 143
20201 20203 CS
20203 20219 144
20219 20221 CS
20221 20241 145
20241 20243 CS
20243 20249 43
20249 20251 CS
20251 20267 146
20267 20269 CS
20269 20279 147
20279 20281 CS
20281 20288 148
20288 20290 CS
20290 20302 44
20302 20304 CS
20304 20317 149
20317 20319 CS
20319 20320 150
20320 20322 CS
20322 20342 151
20342 20344 CS
20344 20364 152
20364 20366 CS
20366 20386 154
20386 20388 CS
20388 20408 153
20408 20410 CS
20410 20430 155
20430 20432 CS
20432 20452 156
20452 20454 CS
20454 20471 157
20471 20473 CS
20473 20480 47
20480 20482 CS
20482 20502 158
20502 20504 CS
20504 20524 159
20524 20526 CS
20526 20546 160
20546 20548 CS
20548 20568 161
20568 20570 CS
20570 20590 162
20590 20592 CS
20592 20596 163
20596 20598 CS
20598 20616 164
20616 20618 CS
20618 20638 165
20638 20640 CS
20640 20660 48
20660 20662 CS
20662 20673 166
20673 20675 CS
20675 20691 167
20691 20693 CS
20693 20713 168
20713 20715 CS
20715 20735 169
20735 20737 CS
20737 20757 170
20757 20759 CS
20759 20779 171
20779 20781 CS
20781 20791 172
20791 20793 CS
20793 20810 173
20810 20812 CS
20812 20825 174
20825 20827 CS
20827 20831 175
20831 20833 CS
20833 20853 176
20853 20855 CS
20855 20875 177
20875 20877 CS
20877 20891 178
20891 20893 CS
20893 20913 179
20913 20915 CS
20915 20935 50
20935 20937 CS
20937 20951 180
20951 20953 CS
20953 20954 181
20954 20956 CS
20956 20976 182
20976 20978 CS
20978 20998 183
20998 21000 CS
21000 21009 184
21009 21011 CS
21011 21021 185
21021 21023 CS
21023 21043 186
21043 21045 CS
21045 21060 187
21060 21062 CS
21062 21081 188
21081 21083 CS
21083 21103 189
21103 21105 CS
21105 21111 53
21111 21113 CS
21113 21128 54
21128 21130 CS
21130 21143 191
21143 21145 CS
21145 21147 190
21147 21149 CS
21149 21169 192
21169 21171 CS
21171 21188 193
21188 21190 CS
21190 21196 194
21196 21198 CS
21198 21218 195
21218 21220 CS
21220 21236 55
21236 21238 CS
21238 21253 196
21253 21255 CS
21255 21275 197
21275 21277 CS
21277 21297 198
21297 21299 CS
21299 21312 199
21312 21314 CS
21314 21333 56
21333 21335 CS
21335 21337 57
21337 21339 CS
21339 21346 58
21346 21348 CS
21348 21352 59
21352 21354 CS
21354 21370 62
21370 21372 CS
21372 21387 64
21387 21389 CS
21389 21403 65
21403 21405 CS
21405 21419 67
21419 21421 CS
21421 21439 68
21439 21441 CS
21441 21442 69
21442 21444 CS
21444 21462 70
21462 21464 CS
21464 21468 72
21468 21470 CS
21470 21485 74
21485 21487 CS
21487 21506 73
21506 21508 CS
21508 21525 80
21525 21527 CS
21527 21541 83
21541 21543 CS
21543 21553 84
21553 21555 CS
21555 21565 90
21565 21567 CS
21567 21581 91
21581 21583 CS
21583 21591 93
21591 21593 CS
21593 21596 92
21596 21598 CS
21598 21617 97
21617 21619 CS
21619 21621 101
21621 21623 CS
21623 21641 106
21641 21643 CS
21643 21662 108
21662 21664 CS
21664 21679 112
21679 21681 CS
21681 21695 113
21695 21697 CS
21697 21698 114
21698 21700 CS
21700 21702 116
21702 21704 CS
21704 21710 115
21710 21712 CS
21712 21723 119
21723 21725 CS
21725 21730 118
21730 21732 CS
21732 21744 120
21744 21746 CS
21746 21766 121
21766 21768 CS
21768 21778 122
21778 21780 CS
21780 21799 123
21799 21801 CS
21801 21804 125
21804 21806 CS
21806 21821 127
21821 21823 CS
21823 21832 128
21832 21834 CS
21834 21852 129
21852 21854 CS
21854 21870 131
21870 21872 CS
21872 21892 132
21892 21894 CS
21894 21898 137
21898 21900 CS
21900 21911 139
21911 21913 CS
21913 21927 140
21927 21929 CS
21929 21943 145
21943 21945 CS
21945 21959 151
21959 21961 CS
21961 21964 152
21964 21966 CS
21966 21974 154
21974 21976 CS
21976 21978 153
21978 21980 CS
21980 21985 155
21985 21987 CS
21987 21991 156
21991 21993 CS
21993 22005 158
22005 22007 CS
22007 22020 159
22020 22022 CS
22022 22030 160
22030 22032 CS
22032 22045 161
22045 22047 CS
22047 22052 162
22052 22054 CS
22054 22074 165
22074 22076 CS
22076 22085 168
22085 22087 CS
22087 22099 169
22099 22101 CS
22101 22118 170
22118 22120 CS
22120 22128 171
22128 22130 CS
22130 22145 176
22145 22147 CS
22147 22162 177
22162 22164 CS
22164 22174 179
22174 22176 CS
22176 22183 182
22183 22185 CS
22185 22205 183
22205 22207 CS
22207 22215 186
22215 22217 CS
22217 22230 192
22230 22232 CS
22232 22240 195
22240 22242 CS
22242 22246 197
22246 22248 CS
22248 22249 198
