start end pid
1 85 0
85 87 CS
87 173 2
173 175 CS
175 269 5
269 271 CS
271 352 6
352 354 CS
354 460 11
460 462 CS
462 542 4
542 544 CS
544 624 7
624 626 CS
626 734 1
734 736 CS
736 817 8
817 819 CS
819 930 9
930 932 CS
932 1036 3
1036 1038 CS
1038 1132 10
1132 1134 CS
1134 1232 12
1232 1234 CS
1234 1346 13
1346 1348 CS
1348 1440 14
1440 1442 CS
1442 1553 15
1553 1555 CS
1555 1637 16
1637 1639 CS
1639 1744 17
1744 1746 CS
1746 1849 18
1849 1851 CS
1851 1937 19
1937 1939 CS
1939 2042 20
2042 2044 CS
2044 2143 21
2143 2145 CS
2145 2235 22
2235 2237 CS
2237 2317 23
2317 2319 CS
2319 2434 24
2434 2436 CS
2436 2552 25
2552 2554 CS
2554 2669 26
2669 2671 CS
2671 2783 27
2783 2785 CS
2785 2878 28
2878 2880 CS
2880 2983 29
2983 2985 CS
2985 3097 30
3097 3099 CS
3099 3205 31
3205 3207 CS
3207 3326 32
3326 3328 CS
3328 3409 33
3409 3411 CS
3411 3502 34
3502 3504 CS
3504 3600 35
3600 3602 CS
3602 3683 36
3683 3685 CS
3685 3782 37
3782 3784 CS
3784 3903 38
3903 3905 CS
3905 3995 39
3995 3997 CS
3997 4087 40
4087 4089 CS
4089 4187 41
4187 4189 CS
4189 4276 42
4276 4278 CS
4278 4384 43
4384 4386 CS
4386 4498 44
4498 4500 CS
4500 4581 45
4581 4583 CS
4583 4665 46
4665 4667 CS
4667 4774 47
4774 4776 CS
4776 4896 48
4896 4898 CS
4898 4979 49
4979 4981 CS
4981 5101 50
5101 5103 CS
5103 5191 51
5191 5193 CS
5193 5277 52
5277 5279 CS
5279 5385 53
5385 5387 CS
5387 5502 54
5502 5504 CS
5504 5620 55
5620 5622 CS
5622 5741 56
5741 5743 CS
5743 5845 57
5845 5847 CS
5847 5954 58
5954 5956 CS
5956 6060 59
6060 6062 CS
6062 6162 60
6162 6164 CS
6164 6245 61
6245 6247 CS
6247 6363 62
6363 6365 CS
6365 6462 63
6462 6464 CS
6464 6579 64
6579 6581 CS
6581 6695 65
6695 6697 CS
6697 6782 66
6782 6784 CS
6784 6898 67
6898 6900 CS
6900 7018 68
7018 7020 CS
7020 7121 69
7121 7123 CS
7123 7241 70
7241 7243 CS
7243 7329 71
7329 7331 CS
7331 7435 72
7435 7437 CS
7437 7556 73
7556 7558 CS
7558 7673 74
7673 7675 CS
7675 7772 75
7772 7774 CS
7774 7861 76
7861 7863 CS
7863 7945 77
7945 7947 CS
7947 8027 78
8027 8029 CS
8029 8111 79
8111 8113 CS
8113 8230 80
8230 8232 CS
8232 8322 81
8322 8324 CS
8324 8410 82
8410 8412 CS
8412 8526 83
8526 8528 CS
8528 8638 84
8638 8640 CS
8640 8740 85
8740 8742 CS
8742 8840 86
8840 8842 CS
8842 8942 87
8942 8944 CS
8944 9044 88
9044 9046 CS
9046 9139 89
9139 9141 CS
9141 9251 90
9251 9253 CS
9253 9367 91
9367 9369 CS
9369 9472 92
9472 9474 CS
9474 9582 93
9582 9584 CS
9584 9678 94
9678 9680 CS
9680 9771 95
9771 9773 CS
9773 9872 96
9872 9874 CS
9874 9993 97
9993 9995 CS
9995 10089 98
10089 10091 CS
10091 10188 99
10188 10190 CS
10190 10271 100
10271 10273 CS
10273 10375 101
10375 10377 CS
10377 10466 102
10466 10468 CS
10468 10568 103
10568 10570 CS
10570 10661 104
10661 10663 CS
10663 10763 105
10763 10765 CS
10765 10883 106
10883 10885 CS
10885 10974 107
10974 10976 CS
10976 11095 108
11095 11097 CS
11097 11190 109
11190 11192 CS
11192 11282 110
11282 11284 CS
11284 11368 111
11368 11370 CS
11370 11485 112
11485 11487 CS
11487 11601 113
11601 11603 CS
11603 11704 114
11704 11706 CS
11706 11812 115
11812 11814 CS
11814 11916 116
11916 11918 CS
11918 12006 117
12006 12008 CS
12008 12113 118
12113 12115 CS
12115 12226 119
12226 12228 CS
12228 12340 120
12340 12342 CS
12342 12462 121
12462 12464 CS
12464 12574 122
12574 12576 CS
12576 12695 123
12695 12697 CS
12697 12791 124
12791 12793 CS
12793 12896 125
12896 12898 CS
12898 12991 126
12991 12993 CS
12993 13108 127
13108 13110 CS
13110 13219 128
13219 13221 CS
13221 13339 129
13339 13341 CS
13341 13430 130
13430 13432 CS
13432 13548 131
13548 13550 CS
13550 13670 132
13670 13672 CS
13672 13762 133
13762 13764 CS
13764 13849 134
13849 13851 CS
13851 13936 135
13936 13938 CS
13938 14023 136
14023 14025 CS
14025 14129 137
14129 14131 CS
14131 14231 138
14231 14233 CS
14233 14344 139
14344 14346 CS
14346 14460 140
14460 14462 CS
14462 14559 141
14559 14561 CS
14561 14641 142
14641 14643 CS
14643 14724 143
14724 14726 CS
14726 14822 144
14822 14824 CS
14824 14938 145
14938 14940 CS
14940 15036 146
15036 15038 CS
15038 15128 147
15128 15130 CS
15130 15217 148
15217 15219 CS
15219 15312 149
15312 15314 CS
15314 15395 150
15395 15397 CS
15397 15511 151
15511 15513 CS
15513 15616 152
15616 15618 CS
15618 15720 153
15720 15722 CS
15722 15830 154
15830 15832 CS
15832 15937 155
15937 15939 CS
15939 16043 156
16043 16045 CS
16045 16142 157
16142 16144 CS
16144 16256 158
16256 16258 CS
16258 16371 159
16371 16373 CS
16373 16481 160
16481 16483 CS
16483 16596 161
16596 16598 CS
16598 16703 162
16703 16705 CS
16705 16789 163
16789 16791 CS
16791 16889 164
16889 16891 CS
16891 17011 165
17011 17013 CS
17013 17104 166
17104 17106 CS
17106 17202 167
17202 17204 CS
17204 17313 168
17313 17315 CS
17315 17427 169
17427 17429 CS
17429 17546 170
17546 17548 CS
17548 17656 171
17656 17658 CS
17658 17748 172
17748 17750 CS
17750 17847 173
17847 17849 CS
17849 17942 174
17942 17944 CS
17944 18028 175
18028 18030 CS
18030 18145 176
18145 18147 CS
18147 18262 177
18262 18264 CS
18264 18358 178
18358 18360 CS
18360 18470 179
18470 18472 CS
18472 18566 180
18566 18568 CS
18568 18649 181
18649 18651 CS
18651 18758 182
18758 18760 CS
18760 18880 183
18880 18882 CS
18882 18971 184
18971 18973 CS
18973 19063 185
19063 19065 CS
19065 19173 186
19173 19175 CS
19175 19270 187
19270 19272 CS
19272 19371 188
19371 19373 CS
19373 19473 189
19473 19475 CS
19475 19557 190
19557 19559 CS
19559 19652 191
19652 19654 CS
19654 19767 192
19767 19769 CS
19769 19866 193
19866 19868 CS
19868 19954 194
19954 19956 CS
19956 20064 195
20064 20066 CS
20066 20161 196
20161 20163 CS
20163 20267 197
20267 20269 CS
20269 20370 198
20370 20372 CS
20372 20465 199
