start end pid
0 10 0
21 23 CS
23 42 1
42 44 CS
44 64 2
64 66 CS
66 78 3
78 80 CS
80 94 4
94 96 CS
96 110 5
110 112 CS
112 130 6
130 132 CS
132 143 7
143 145 CS
145 162 8
162 164 CS
164 184 9
184 186 CS
186 206 10
206 208 CS
208 221 11
221 223 CS
223 242 12
242 244 CS
244 262 13
262 264 CS
264 279 14
279 281 CS
281 299 15
299 301 CS
301 320 16
320 322 CS
322 333 17
333 335 CS
335 351 18
351 353 CS
353 371 19
371 373 CS
373 388 20
388 390 CS
390 407 21
407 409 CS
409 426 22
426 428 CS
428 442 23
442 444 CS
444 460 24
460 462 CS
462 474 25
474 476 CS
476 496 26
496 498 CS
498 511 27
511 513 CS
513 528 28
528 530 CS
530 549 29
549 551 CS
551 568 30
568 570 CS
570 584 32
584 586 CS
586 605 31
605 607 CS
607 625 33
625 627 CS
627 647 35
647 649 CS
649 661 34
661 663 CS
663 678 36
678 680 CS
680 698 37
698 700 CS
700 712 38
712 714 CS
714 733 39
733 735 CS
735 752 40
752 754 CS
754 770 41
770 772 CS
772 784 42
784 786 CS
786 800 43
800 802 CS
802 817 44
817 819 CS
819 838 45
838 840 CS
840 850 46
850 852 CS
852 871 47
871 873 CS
873 889 48
889 891 CS
891 909 49
909 911 CS
911 922 50
922 924 CS
924 935 51
935 937 CS
937 952 53
952 954 CS
954 966 52
966 968 CS
968 981 54
981 983 CS
983 996 55
996 998 CS
998 1016 56
1016 1018 CS
1018 1036 58
1036 1038 CS
1038 1052 57
1052 1054 CS
1054 1065 59
1065 1067 CS
1067 1084 61
1084 1086 CS
1086 1105 60
1105 1107 CS
1107 1127 62
1127 1129 CS
1129 1143 63
1143 1145 CS
1145 1163 64
1163 1165 CS
1165 1181 65
1181 1183 CS
1183 1203 66
1203 1205 CS
1205 1217 67
1217 1219 CS
1219 1237 68
1237 1239 CS
1239 1255 69
1255 1257 CS
1257 1273 70
1273 1275 CS
1275 1286 71
1286 1288 CS
1288 1302 72
1302 1304 CS
1304 1320 73
1320 1322 CS
1322 1334 75
1334 1336 CS
1336 1348 74
1348 1350 CS
1350 1369 76
1369 1371 CS
1371 1389 77
1389 1391 CS
1391 1407 78
1407 1409 CS
1409 1421 80
1421 1423 CS
1423 1440 79
1440 1442 CS
1442 1452 81
1452 1454 CS
1454 1465 82
1465 1467 CS
1467 1478 83
1478 1480 CS
1480 1490 84
1490 1492 CS
1492 1507 85
1507 1509 CS
1509 1529 86
1529 1531 CS
1531 1551 87
1551 1553 CS
1553 1563 88
1563 1565 CS
1565 1576 89
1576 1578 CS
1578 1595 90
1595 1597 CS
1597 1614 91
1614 1616 CS
1616 1629 92
1629 1631 CS
1631 1649 93
1649 1651 CS
1651 1669 94
1669 1671 CS
1671 1688 95
1688 1690 CS
1690 1710 97
1710 1712 CS
1712 1732 96
1732 1734 CS
1734 1745 98
1745 1747 CS
1747 1760 99
1760 1762 CS
1762 1775 100
1775 1777 CS
1777 1787 101
1787 1789 CS
1789 1805 102
1805 1807 CS
1807 1821 103
1821 1823 CS
1823 1838 104
1838 1840 CS
1840 1852 105
1852 1854 CS
1854 1873 106
1873 1875 CS
1875 1893 107
1893 1895 CS
1895 1915 108
1915 1917 CS
1917 1934 109
1934 1936 CS
1936 1954 111
1954 1956 CS
1956 1968 110
1968 1970 CS
1970 1981 112
1981 1983 CS
1983 2002 113
2002 2004 CS
2004 2014 114
2014 2016 CS
2016 2029 115
2029 2031 CS
2031 2049 116
2049 2051 CS
2051 2066 117
2066 2068 CS
2068 2080 118
2080 2082 CS
2082 2093 119
2093 2095 CS
2095 2109 120
2109 2111 CS
2111 2122 121
2122 2124 CS
2124 2144 122
2144 2146 CS
2146 2160 123
2160 2162 CS
2162 2173 124
2173 2175 CS
2175 2189 125
2189 2191 CS
2191 2210 126
2210 2212 CS
2212 2230 127
2230 2232 CS
2232 2252 128
2252 2254 CS
2254 2273 129
2273 2275 CS
2275 2288 130
2288 2290 CS
2290 2304 131
2304 2306 CS
2306 2320 132
2320 2322 CS
2322 2333 133
2333 2335 CS
2335 2353 134
2353 2355 CS
2355 2373 135
2373 2375 CS
2375 2394 137
2394 2396 CS
2396 2413 136
2413 2415 CS
2415 2430 138
2430 2432 CS
2432 2448 139
2448 2450 CS
2450 2469 140
2469 2471 CS
2471 2491 141
2491 2493 CS
2493 2511 142
2511 2513 CS
2513 2529 144
2529 2531 CS
2531 2549 143
2549 2551 CS
2551 2566 145
2566 2568 CS
2568 2578 146
2578 2580 CS
2580 2600 147
2600 2602 CS
2602 2621 148
2621 2623 CS
2623 2638 149
2638 2640 CS
2640 2659 150
2659 2661 CS
2661 2674 151
2674 2676 CS
2676 2691 152
2691 2693 CS
2693 2708 153
2708 2710 CS
2710 2730 154
2730 2732 CS
2732 2748 155
2748 2750 CS
2750 2765 156
2765 2767 CS
2767 2785 157
2785 2787 CS
2787 2798 158
2798 2800 CS
2800 2820 159
2820 2822 CS
2822 2833 160
2833 2835 CS
2835 2848 161
2848 2850 CS
2850 2863 162
2863 2865 CS
2865 2880 163
2880 2882 CS
2882 2897 164
2897 2899 CS
2899 2915 165
2915 2917 CS
2917 2931 166
2931 2933 CS
2933 2949 167
2949 2951 CS
2951 2963 168
2963 2965 CS
2965 2979 169
2979 2981 CS
2981 2992 170
2992 2994 CS
2994 3014 171
3014 3016 CS
3016 3026 172
3026 3028 CS
3028 3040 173
3040 3042 CS
3042 3053 174
3053 3055 CS
3055 3067 175
3067 3069 CS
3069 3082 176
3082 3084 CS
3084 3102 177
3102 3104 CS
3104 3124 178
3124 3126 CS
3126 3143 179
3143 3145 CS
3145 3162 181
3162 3164 CS
3164 3180 180
3180 3182 CS
3182 3192 182
3192 3194 CS
3194 3210 183
3210 3212 CS
3212 3230 184
3230 3232 CS
3232 3250 185
3250 3252 CS
3252 3268 186
3268 3270 CS
3270 3284 187
3284 3286 CS
3286 3301 189
3301 3303 CS
3303 3317 188
3317 3319 CS
3319 3333 190
3333 3335 CS
3335 3352 191
3352 3354 CS
3354 3373 193
3373 3375 CS
3375 3389 192
3389 3391 CS
3391 3407 194
3407 3409 CS
3409 3420 196
3420 3422 CS
3422 3438 197
3438 3440 CS
3440 3457 195
3457 3459 CS
3459 3478 198
3478 3480 CS
3480 3498 199
