start end pid
0 5 0
21 23 CS
23 28 1
28 30 CS
30 35 2
35 37 CS
37 42 3
42 44 CS
44 49 4
49 51 CS
51 56 5
56 58 CS
58 63 6
74 76 CS
76 81 7
81 83 CS
83 88 8
89 91 CS
91 96 9
96 98 CS
98 103 10
103 105 CS
105 110 11
111 113 CS
113 118 12
118 120 CS
120 125 0
125 127 CS
127 132 13
132 134 CS
134 139 2
139 141 CS
141 146 1
146 148 CS
148 153 5
153 155 CS
155 160 4
160 162 CS
162 167 14
167 169 CS
169 174 6
174 176 CS
176 181 3
181 183 CS
183 188 15
188 190 CS
190 195 16
195 197 CS
197 202 17
202 204 CS
204 209 7
209 211 CS
211 216 9
216 218 CS
218 223 18
223 225 CS
225 230 10
230 232 CS
232 237 11
237 239 CS
239 244 19
244 246 CS
246 251 8
251 253 CS
253 258 12
258 260 CS
260 265 20
265 267 CS
267 272 21
272 274 CS
274 279 2
279 281 CS
281 286 22
286 288 CS
288 292 5
292 294 CS
294 299 23
299 301 CS
301 306 24
306 308 CS
308 313 25
313 315 CS
315 320 1
320 322 CS
322 326 4
326 328 CS
328 333 13
333 335 CS
335 340 26
340 342 CS
342 347 27
347 349 CS
349 354 28
354 356 CS
356 361 6
361 363 CS
363 368 16
368 370 CS
370 375 14
375 377 CS
377 382 17
382 384 CS
384 389 29
389 391 CS
391 396 30
396 398 CS
398 400 3
400 402 CS
402 407 15
407 409 CS
409 414 18
414 416 CS
416 421 32
421 423 CS
423 428 31
428 430 CS
430 435 9
435 437 CS
437 442 33
442 444 CS
444 449 35
449 451 CS
451 456 34
456 458 CS
458 459 7
459 461 CS
461 466 36
466 468 CS
468 473 37
473 475 CS
475 480 10
480 482 CS
482 487 38
487 489 CS
489 492 11
492 494 CS
494 499 39
499 501 CS
501 506 20
506 508 CS
508 513 12
513 515 CS
515 520 19
520 522 CS
522 527 21
527 529 CS
529 534 22
534 536 CS
536 541 2
541 543 CS
543 548 8
548 550 CS
550 555 40
555 557 CS
557 562 24
562 564 CS
564 569 23
569 571 CS
571 576 25
576 578 CS
578 583 41
583 585 CS
585 589 1
589 591 CS
591 596 42
596 598 CS
598 603 43
603 605 CS
605 610 26
610 612 CS
612 617 44
617 619 CS
619 624 45
624 626 CS
626 629 6
629 631 CS
631 636 16
636 638 CS
638 643 13
643 645 CS
645 650 46
650 652 CS
652 657 27
657 659 CS
659 664 47
664 666 CS
666 671 28
671 673 CS
673 678 48
678 680 CS
680 681 17
681 683 CS
683 688 49
688 690 CS
690 695 50
695 697 CS
697 702 14
702 704 CS
704 709 51
709 711 CS
711 716 18
716 718 CS
718 723 29
723 725 CS
725 730 53
730 732 CS
732 737 52
737 739 CS
739 744 54
744 746 CS
746 751 30
751 753 CS
753 758 32
758 760 CS
760 765 15
765 767 CS
767 772 55
772 774 CS
774 779 9
779 781 CS
781 786 56
786 788 CS
788 793 31
793 795 CS
795 800 33
800 802 CS
802 807 58
807 809 CS
809 814 57
814 816 CS
816 821 35
821 823 CS
823 828 59
828 830 CS
830 835 36
835 837 CS
837 842 34
842 844 CS
844 849 10
849 851 CS
851 856 39
856 858 CS
858 863 37
863 865 CS
865 870 38
870 872 CS
872 877 61
877 879 CS
879 884 60
884 886 CS
886 891 20
891 893 CS
893 897 12
897 899 CS
899 904 21
904 906 CS
906 911 22
911 913 CS
913 918 62
918 920 CS
920 925 63
925 927 CS
927 932 19
932 934 CS
934 939 24
939 941 CS
941 946 64
946 948 CS
948 953 65
953 955 CS
955 960 40
960 962 CS
962 967 66
967 969 CS
969 971 8
971 973 CS
973 978 41
978 980 CS
980 984 23
984 986 CS
986 991 67
991 993 CS
993 995 25
995 997 CS
997 1002 68
1002 1004 CS
1004 1009 42
1009 1011 CS
1011 1016 69
1016 1018 CS
1018 1023 70
1023 1025 CS
1025 1030 43
1030 1032 CS
1032 1037 26
1037 1039 CS
1039 1044 71
1044 1046 CS
1046 1051 72
1051 1053 CS
1053 1058 44
1058 1060 CS
1060 1064 16
1064 1066 CS
1066 1071 45
1071 1073 CS
1073 1078 73
1078 1080 CS
1080 1085 75
1085 1087 CS
1087 1092 74
1092 1094 CS
1094 1099 46
1099 1101 CS
1101 1106 47
1106 1108 CS
1108 1113 76
1113 1115 CS
1115 1120 77
1120 1122 CS
1122 1125 13
1125 1127 CS
1127 1132 78
1132 1134 CS
1134 1137 27
1137 1139 CS
1139 1144 80
1144 1146 CS
1146 1151 79
1151 1153 CS
1153 1158 81
1158 1160 CS
1160 1165 82
1165 1167 CS
1167 1172 28
1172 1174 CS
1174 1179 49
1179 1181 CS
1181 1186 83
1186 1188 CS
1188 1193 51
1193 1195 CS
1195 1200 48
1200 1202 CS
1202 1203 18
1203 1205 CS
1205 1210 50
1210 1212 CS
1212 1217 84
1217 1219 CS
1219 1224 85
1224 1226 CS
1226 1231 29
1231 1233 CS
1233 1238 86
1238 1240 CS
1240 1245 53
1245 1247 CS
1247 1251 32
1251 1253 CS
1253 1258 52
1258 1260 CS
1260 1265 54
1265 1267 CS
1267 1272 30
1272 1274 CS
1274 1277 15
1277 1279 CS
1279 1284 56
1284 1286 CS
1286 1291 55
1291 1293 CS
1293 1298 87
1298 1300 CS
1300 1305 88
1305 1307 CS
1307 1312 33
1312 1314 CS
1314 1319 31
1319 1321 CS
1321 1326 58
1326 1328 CS
1328 1333 89
1333 1335 CS
1335 1340 57
1340 1342 CS
1342 1347 90
1347 1349 CS
1349 1354 59
1354 1356 CS
1356 1361 35
1361 1363 CS
1363 1368 36
1368 1370 CS
1370 1375 91
1375 1377 CS
1377 1382 39
1382 1384 CS
1384 1389 92
1389 1391 CS
1391 1396 93
1396 1398 CS
1398 1403 94
1403 1405 CS
1405 1410 61
1410 1412 CS
1412 1414 34
1414 1416 CS
1416 1421 95
1421 1423 CS
1423 1425 38
1425 1427 CS
1427 1432 97
1432 1434 CS
1434 1439 96
1439 1441 CS
1441 1446 37
1446 1448 CS
1448 1453 98
1453 1455 CS
1455 1460 99
1460 1462 CS
1462 1464 21
1464 1466 CS
1466 1468 22
1468 1470 CS
1470 1475 100
1475 1477 CS
1477 1482 62
1482 1484 CS
1484 1489 101
1489 1491 CS
1491 1496 60
1496 1498 CS
1498 1503 102
1503 1505 CS
1505 1510 103
1510 1512 CS
1512 1517 104
1517 1519 CS
1519 1524 105
1524 1526 CS
1526 1527 24
1527 1529 CS
1529 1534 106
1534 1536 CS
1536 1541 107
1541 1543 CS
1543 1548 63
1548 1550 CS
1550 1553 19
1553 1555 CS
1555 1560 108
1560 1562 CS
1562 1567 109
1567 1569 CS
1569 1574 111
1574 1576 CS
1576 1581 110
1581 1583 CS
1583 1588 112
1588 1590 CS
1590 1595 113
1595 1597 CS
1597 1602 114
1602 1604 CS
1604 1609 115
1609 1611 CS
1611 1616 64
1616 1618 CS
1618 1623 41
1623 1625 CS
1625 1630 116
1630 1632 CS
1632 1637 117
1637 1639 CS
1639 1644 118
1644 1646 CS
1646 1651 65
1651 1653 CS
1653 1658 40
1658 1660 CS
1660 1665 119
1665 1667 CS
1667 1672 120
1672 1674 CS
1674 1679 121
1679 1681 CS
1681 1686 122
1686 1688 CS
1688 1693 66
1693 1695 CS
1695 1700 68
1700 1702 CS
1702 1704 42
1704 1706 CS
1706 1711 123
1711 1713 CS
1713 1718 67
1718 1720 CS
1720 1725 124
1725 1727 CS
1727 1732 70
1732 1734 CS
1734 1739 125
1739 1741 CS
1741 1746 71
1746 1748 CS
1748 1752 43
1752 1754 CS
1754 1759 69
1759 1761 CS
1761 1766 126
1766 1768 CS
1768 1773 26
1773 1775 CS
1775 1780 127
1780 1782 CS
1782 1787 72
1787 1789 CS
1789 1794 44
1794 1796 CS
1796 1801 128
1801 1803 CS
1803 1808 129
1808 1810 CS
1810 1815 130
1815 1817 CS
1817 1822 45
1822 1824 CS
1824 1829 131
1829 1831 CS
1831 1836 75
1836 1838 CS
1838 1843 73
1843 1845 CS
1845 1850 47
1850 1852 CS
1852 1857 74
1857 1859 CS
1859 1864 132
1864 1866 CS
1866 1871 133
1871 1873 CS
1873 1878 76
1878 1880 CS
1880 1885 134
1885 1887 CS
1887 1892 77
1892 1894 CS
1894 1899 135
1899 1901 CS
1901 1906 137
1906 1908 CS
1908 1913 78
1913 1915 CS
1915 1920 136
1920 1922 CS
1922 1927 80
1927 1929 CS
1929 1934 138
1934 1936 CS
1936 1941 139
1941 1943 CS
1943 1948 140
1948 1950 CS
1950 1955 81
1955 1957 CS
1957 1962 141
1962 1964 CS
1964 1969 79
1969 1971 CS
1971 1976 82
1976 1978 CS
1978 1983 142
1983 1985 CS
1985 1990 49
1990 1992 CS
1992 1993 51
1993 1995 CS
1995 2000 143
2000 2002 CS
2002 2007 144
2007 2009 CS
2009 2014 145
2014 2016 CS
2016 2021 146
2021 2023 CS
2023 2028 83
2028 2030 CS
2030 2035 147
2035 2037 CS
2037 2042 85
2042 2044 CS
2044 2049 48
2049 2051 CS
2051 2056 148
2056 2058 CS
2058 2063 149
2063 2065 CS
2065 2066 50
2066 2068 CS
2068 2073 84
2073 2075 CS
2075 2079 29
2079 2081 CS
2081 2086 150
2086 2088 CS
2088 2093 86
2093 2095 CS
2095 2100 53
2100 2102 CS
2102 2107 151
2107 2109 CS
2109 2114 152
2114 2116 CS
2116 2118 52
2118 2120 CS
2120 2125 153
2125 2127 CS
2127 2132 56
2132 2134 CS
2134 2139 154
2139 2141 CS
2141 2146 155
2146 2148 CS
2148 2151 54
2151 2153 CS
2153 2155 30
2155 2157 CS
2157 2162 87
2162 2164 CS
2164 2169 156
2169 2171 CS
2171 2176 88
2176 2178 CS
2178 2181 55
2181 2183 CS
2183 2188 157
2188 2190 CS
2190 2195 158
2195 2197 CS
2197 2200 33
2200 2202 CS
2202 2207 159
2207 2209 CS
2209 2214 58
2214 2216 CS
2216 2221 160
2221 2223 CS
2223 2227 31
2227 2229 CS
2229 2234 161
2234 2236 CS
2236 2241 89
2241 2243 CS
2243 2248 162
2248 2250 CS
2250 2254 57
2254 2256 CS
2256 2261 163
2261 2263 CS
2263 2268 90
2268 2270 CS
2270 2271 59
2271 2273 CS
2273 2278 164
2278 2280 CS
2280 2285 91
2285 2287 CS
2287 2292 165
2292 2294 CS
2294 2298 39
2298 2300 CS
2300 2305 166
2305 2307 CS
2307 2312 167
2312 2314 CS
2314 2319 35
2319 2321 CS
2321 2326 92
2326 2328 CS
2328 2333 168
2333 2335 CS
2335 2340 61
2340 2342 CS
2342 2347 93
2347 2349 CS
2349 2354 169
2354 2356 CS
2356 2361 94
2361 2363 CS
2363 2368 95
2368 2370 CS
2370 2375 170
2375 2377 CS
2377 2382 171
2382 2384 CS
2384 2389 97
2389 2391 CS
2391 2396 96
2396 2398 CS
2398 2403 172
2403 2405 CS
2405 2410 98
2410 2412 CS
2412 2415 37
2415 2417 CS
2417 2422 62
2422 2424 CS
2424 2429 99
2429 2431 CS
2431 2436 100
2436 2438 CS
2438 2443 173
2443 2445 CS
2445 2450 174
2450 2452 CS
2452 2457 102
2457 2459 CS
2459 2464 101
2464 2466 CS
2466 2471 103
2471 2473 CS
2473 2478 60
2478 2480 CS
2480 2485 176
2485 2487 CS
2487 2492 175
2492 2494 CS
2494 2499 104
2499 2501 CS
2501 2506 107
2506 2508 CS
2508 2513 106
2513 2515 CS
2515 2520 105
2520 2522 CS
2522 2527 177
2527 2529 CS
2529 2534 108
2534 2536 CS
2536 2541 178
2541 2543 CS
2543 2548 179
2548 2550 CS
2550 2555 111
2555 2557 CS
2557 2561 63
2561 2563 CS
2563 2568 181
2568 2570 CS
2570 2575 180
2575 2577 CS
2577 2582 109
2582 2584 CS
2584 2589 182
2589 2591 CS
2591 2596 183
2596 2598 CS
2598 2603 184
2603 2605 CS
2605 2610 110
2610 2612 CS
2612 2617 112
2617 2619 CS
2619 2624 185
2624 2626 CS
2626 2631 186
2631 2633 CS
2633 2638 187
2638 2640 CS
2640 2645 113
2645 2647 CS
2647 2652 189
2652 2654 CS
2654 2659 188
2659 2661 CS
2661 2666 190
2666 2668 CS
2668 2673 191
2673 2675 CS
2675 2680 114
2680 2682 CS
2682 2687 115
2687 2689 CS
2689 2690 41
2690 2692 CS
2692 2697 117
2697 2699 CS
2699 2704 193
2704 2706 CS
2706 2711 192
2711 2713 CS
2713 2718 194
2718 2720 CS
2720 2725 64
2725 2727 CS
2727 2732 195
2732 2734 CS
2734 2739 196
2739 2741 CS
2741 2746 197
2746 2748 CS
2748 2753 116
2753 2755 CS
2755 2760 198
2760 2762 CS
2762 2767 119
2767 2769 CS
2769 2774 199
2774 2776 CS
2776 2781 118
2781 2783 CS
2783 2788 65
2788 2790 CS
2790 2795 121
2795 2797 CS
2797 2799 40
2799 2801 CS
2801 2806 122
2806 2808 CS
2808 2813 120
2813 2815 CS
2815 2820 68
2820 2822 CS
2822 2827 123
2827 2829 CS
2829 2834 66
2834 2836 CS
2836 2837 71
2837 2839 CS
2839 2844 124
2844 2846 CS
2846 2848 67
2848 2850 CS
2850 2855 70
2855 2857 CS
2857 2862 125
2862 2864 CS
2864 2869 69
2869 2871 CS
2871 2876 126
2876 2878 CS
2878 2883 127
2883 2885 CS
2885 2889 72
2889 2891 CS
2891 2896 128
2896 2898 CS
2898 2903 129
2903 2905 CS
2905 2910 130
2910 2912 CS
2912 2916 45
2916 2918 CS
2918 2920 75
2920 2922 CS
2922 2926 47
2926 2928 CS
2928 2933 131
2933 2935 CS
2935 2940 73
2940 2942 CS
2942 2944 74
2944 2946 CS
2946 2951 132
2951 2953 CS
2953 2958 133
2958 2960 CS
2960 2965 76
2965 2967 CS
2967 2972 134
2972 2974 CS
2974 2979 77
2979 2981 CS
2981 2986 137
2986 2988 CS
2988 2993 136
2993 2995 CS
2995 3000 78
3000 3002 CS
3002 3007 135
3007 3009 CS
3009 3011 80
3011 3013 CS
3013 3018 138
3018 3020 CS
3020 3025 140
3025 3027 CS
3027 3032 139
3032 3034 CS
3034 3039 142
3039 3041 CS
3041 3046 79
3046 3048 CS
3048 3049 82
3049 3051 CS
3051 3056 141
3056 3058 CS
3058 3063 143
3063 3065 CS
3065 3068 49
3068 3070 CS
3070 3075 146
3075 3077 CS
3077 3082 147
3082 3084 CS
3084 3089 145
3089 3091 CS
3091 3096 144
3096 3098 CS
3098 3103 85
3103 3105 CS
3105 3106 83
3106 3108 CS
3108 3113 148
3113 3115 CS
3115 3116 48
3116 3118 CS
3118 3123 149
3123 3125 CS
3125 3130 150
3130 3132 CS
3132 3137 86
3137 3139 CS
3139 3144 152
3144 3146 CS
3146 3151 154
3151 3153 CS
3153 3156 56
3156 3158 CS
3158 3163 151
3163 3165 CS
3165 3170 153
3170 3172 CS
3172 3177 155
3177 3179 CS
3179 3184 87
3184 3186 CS
3186 3191 157
3191 3193 CS
3193 3198 156
3198 3200 CS
3200 3205 158
3205 3207 CS
3207 3212 159
3212 3214 CS
3214 3217 58
3217 3219 CS
3219 3224 162
3224 3226 CS
3226 3231 161
3231 3233 CS
3233 3238 160
3238 3240 CS
3240 3241 89
3241 3243 CS
3243 3248 163
3248 3250 CS
3250 3255 91
3255 3257 CS
3257 3262 90
3262 3264 CS
3264 3269 164
3269 3271 CS
3271 3276 166
3276 3278 CS
3278 3283 167
3283 3285 CS
3285 3290 165
3290 3292 CS
3292 3295 92
3295 3297 CS
3297 3299 61
3299 3301 CS
3301 3306 168
3306 3308 CS
3308 3313 169
3313 3315 CS
3315 3320 93
3320 3322 CS
3322 3327 94
3327 3329 CS
3329 3334 95
3334 3336 CS
3336 3341 170
3341 3343 CS
3343 3348 171
3348 3350 CS
3350 3355 97
3355 3357 CS
3357 3362 96
3362 3364 CS
3364 3369 62
3369 3371 CS
3371 3372 98
3372 3374 CS
3374 3379 172
3379 3381 CS
3381 3386 173
3386 3388 CS
3388 3391 99
3391 3393 CS
3393 3396 100
3396 3398 CS
3398 3403 102
3403 3405 CS
3405 3410 174
3410 3412 CS
3412 3416 103
3416 3418 CS
3418 3423 176
3423 3425 CS
3425 3429 60
3429 3431 CS
3431 3436 175
3436 3438 CS
3438 3443 107
3443 3445 CS
3445 3450 104
3450 3452 CS
3452 3457 177
3457 3459 CS
3459 3464 106
3464 3466 CS
3466 3471 108
3471 3473 CS
3473 3478 179
3478 3480 CS
3480 3482 105
3482 3484 CS
3484 3489 111
3489 3491 CS
3491 3496 181
3496 3498 CS
3498 3503 178
3503 3505 CS
3505 3510 180
3510 3512 CS
3512 3517 182
3517 3519 CS
3519 3524 109
3524 3526 CS
3526 3531 183
3531 3533 CS
3533 3538 184
3538 3540 CS
3540 3542 110
3542 3544 CS
3544 3545 112
3545 3547 CS
3547 3552 185
3552 3554 CS
3554 3559 186
3559 3561 CS
3561 3566 187
3566 3568 CS
3568 3573 113
3573 3575 CS
3575 3580 188
3580 3582 CS
3582 3587 189
3587 3589 CS
3589 3594 191
3594 3596 CS
3596 3601 190
3601 3603 CS
3603 3606 115
3606 3608 CS
3608 3613 117
3613 3615 CS
3615 3620 192
3620 3622 CS
3622 3627 194
3627 3629 CS
3629 3634 193
3634 3636 CS
3636 3641 196
3641 3643 CS
3643 3648 195
3648 3650 CS
3650 3653 64
3653 3655 CS
3655 3660 197
3660 3662 CS
3662 3663 119
3663 3665 CS
3665 3670 116
3670 3672 CS
3672 3677 199
3677 3679 CS
3679 3684 198
3684 3686 CS
3686 3687 121
3687 3689 CS
3689 3691 118
3691 3693 CS
3693 3698 122
3698 3700 CS
3700 3701 65
3701 3703 CS
3703 3707 123
3707 3709 CS
3709 3712 68
3712 3714 CS
3714 3718 120
3718 3720 CS
3720 3721 124
3721 3723 CS
3723 3728 66
3728 3730 CS
3730 3731 70
3731 3733 CS
3733 3737 125
3737 3739 CS
3739 3740 69
3740 3742 CS
3742 3747 127
3747 3749 CS
3749 3754 126
3754 3756 CS
3756 3761 128
3761 3763 CS
3763 3768 129
3768 3770 CS
3770 3773 130
3773 3775 CS
3775 3779 131
3779 3781 CS
3781 3782 73
3782 3784 CS
3784 3785 133
3785 3787 CS
3787 3791 132
3791 3793 CS
3793 3797 76
3797 3799 CS
3799 3804 134
3804 3806 CS
3806 3811 137
3811 3813 CS
3813 3816 77
3816 3818 CS
3818 3823 136
3823 3825 CS
3825 3826 78
3826 3828 CS
3828 3833 140
3833 3835 CS
3835 3840 142
3840 3842 CS
3842 3847 138
3847 3849 CS
3849 3854 135
3854 3856 CS
3856 3861 139
3861 3863 CS
3863 3868 143
3868 3870 CS
3870 3872 79
3872 3874 CS
3874 3879 147
3879 3881 CS
3881 3886 141
3886 3888 CS
3888 3893 145
3893 3895 CS
3895 3900 148
3900 3902 CS
3902 3907 144
3907 3909 CS
3909 3914 150
3914 3916 CS
3916 3921 154
3921 3923 CS
3923 3928 152
3928 3930 CS
3930 3935 149
3935 3937 CS
3937 3942 86
3942 3944 CS
3944 3949 153
3949 3951 CS
3951 3956 155
3956 3958 CS
3958 3963 157
3963 3965 CS
3965 3970 87
3970 3972 CS
3972 3975 151
3975 3977 CS
3977 3982 156
3982 3984 CS
3984 3987 162
3987 3989 CS
3989 3990 158
3990 3992 CS
3992 3997 159
3997 3999 CS
3999 4002 161
4002 4004 CS
4004 4006 91
4006 4008 CS
4008 4013 163
4013 4015 CS
4015 4016 160
4016 4018 CS
4018 4022 166
4022 4024 CS
4024 4026 90
4026 4028 CS
4028 4033 167
4033 4035 CS
4035 4040 164
4040 4042 CS
4042 4046 169
4046 4048 CS
4048 4053 165
4053 4055 CS
4055 4057 168
4057 4059 CS
4059 4062 93
4062 4064 CS
4064 4067 94
4067 4069 CS
4069 4071 95
4071 4073 CS
4073 4074 170
4074 4076 CS
4076 4081 171
4081 4083 CS
4083 4088 97
4088 4090 CS
4090 4095 96
4095 4097 CS
4097 4099 173
4099 4101 CS
4101 4102 102
4102 4104 CS
4104 4105 174
4105 4107 CS
4107 4110 176
4110 4112 CS
4112 4114 175
4114 4116 CS
4116 4119 107
4119 4121 CS
4121 4126 177
4126 4128 CS
4128 4133 108
4133 4135 CS
4135 4140 179
4140 4142 CS
4142 4145 111
4145 4147 CS
4147 4151 106
4151 4153 CS
4153 4158 181
4158 4160 CS
4160 4165 180
4165 4167 CS
4167 4172 178
4172 4174 CS
4174 4179 183
4179 4181 CS
4181 4183 109
4183 4185 CS
4185 4190 184
4190 4192 CS
4192 4197 185
4197 4199 CS
4199 4204 186
4204 4206 CS
4206 4210 187
4210 4212 CS
4212 4216 188
4216 4218 CS
4218 4222 113
4222 4224 CS
4224 4229 191
4229 4231 CS
4231 4236 189
4236 4238 CS
4238 4242 190
4242 4244 CS
4244 4248 192
4248 4250 CS
4250 4255 194
4255 4257 CS
4257 4258 196
4258 4260 CS
4260 4265 193
4265 4267 CS
4267 4272 195
4272 4274 CS
4274 4279 199
4279 4281 CS
4281 4286 197
4286 4288 CS
4288 4291 116
4291 4293 CS
4293 4298 122
4298 4300 CS
4300 4305 198
4305 4307 CS
4307 4310 127
4310 4312 CS
4312 4317 128
4317 4319 CS
4319 4323 126
4323 4325 CS
4325 4329 129
4329 4331 CS
4331 4335 137
4335 4337 CS
4337 4340 134
4340 4342 CS
4342 4344 136
4344 4346 CS
4346 4349 142
4349 4351 CS
4351 4355 140
4355 4357 CS
4357 4360 143
4360 4362 CS
4362 4367 147
4367 4369 CS
4369 4370 139
4370 4372 CS
4372 4375 135
4375 4377 CS
4377 4381 148
4381 4383 CS
4383 4388 154
4388 4390 CS
4390 4395 141
4395 4397 CS
4397 4401 150
4401 4403 CS
4403 4404 144
4404 4406 CS
4406 4409 157
4409 4411 CS
4411 4412 155
4412 4414 CS
4414 4419 159
4419 4421 CS
4421 4422 167
4422 4424 CS
4424 4425 165
4425 4427 CS
4427 4432 171
4432 4434 CS
4434 4437 177
4437 4439 CS
4439 4441 179
4441 4443 CS
4443 4445 181
4445 4447 CS
4447 4448 180
4448 4450 CS
4450 4451 183
4451 4453 CS
4453 4458 178
4458 4460 CS
4460 4463 184
4463 4465 CS
4465 4468 185
4468 4470 CS
4470 4471 186
4471 4473 CS
4473 4475 191
4475 4477 CS
4477 4478 194
4478 4480 CS
4480 4483 199
4483 4485 CS
4485 4487 195
4487 4489 CS
4489 4493 193
4493 4495 CS
4495 4496 197
4496 4498 CS
4498 4502 198
