start end pid
18 23 0
31 33 CS
33 38 1
38 40 CS
40 45 2
45 47 CS
47 52 3
53 55 CS
55 60 4
60 62 CS
62 67 5
67 69 CS
69 74 6
74 76 CS
76 81 1
81 83 CS
83 88 7
88 90 CS
90 95 8
95 97 CS
97 102 9
102 104 CS
104 109 0
109 111 CS
111 116 2
116 118 CS
118 123 10
123 125 CS
125 130 11
130 132 CS
132 137 3
137 139 CS
139 144 1
144 146 CS
146 151 12
151 153 CS
153 158 14
158 160 CS
160 165 13
165 167 CS
167 172 6
172 174 CS
174 179 5
179 181 CS
181 186 15
186 188 CS
188 193 9
193 195 CS
195 200 8
200 202 CS
202 207 16
207 209 CS
209 214 11
214 216 CS
216 221 17
221 223 CS
223 228 4
228 230 CS
230 235 10
235 237 CS
237 242 18
242 244 CS
244 249 2
249 251 CS
251 256 0
256 258 CS
258 263 1
263 265 CS
265 270 19
270 272 CS
272 277 7
277 279 CS
279 284 3
284 286 CS
286 291 20
291 293 CS
293 298 13
298 300 CS
300 305 9
305 307 CS
307 312 21
312 314 CS
314 319 22
319 321 CS
321 326 6
326 328 CS
328 333 11
333 335 CS
335 340 23
340 342 CS
342 347 24
347 349 CS
349 354 16
354 356 CS
356 361 17
361 363 CS
363 368 5
368 370 CS
370 375 8
375 377 CS
377 382 14
382 384 CS
384 389 12
389 391 CS
391 396 15
396 398 CS
398 403 27
403 405 CS
405 406 26
406 408 CS
408 413 25
413 415 CS
415 420 10
420 422 CS
422 427 28
427 429 CS
429 434 19
434 436 CS
436 441 1
441 443 CS
443 448 2
448 450 CS
450 455 29
455 457 CS
457 462 0
462 464 CS
464 469 4
469 471 CS
471 476 18
476 478 CS
478 483 30
483 485 CS
485 490 9
490 492 CS
492 497 3
497 499 CS
499 504 13
504 506 CS
506 511 11
511 513 CS
513 518 31
518 520 CS
520 525 32
525 527 CS
527 532 22
532 534 CS
534 539 33
539 541 CS
541 546 20
546 548 CS
548 553 34
553 555 CS
555 560 7
560 562 CS
562 567 17
567 569 CS
569 574 6
574 576 CS
576 581 16
581 583 CS
583 588 35
588 590 CS
590 595 21
595 597 CS
597 602 36
602 604 CS
604 609 8
609 611 CS
611 616 37
616 618 CS
618 623 23
623 625 CS
625 630 5
630 632 CS
632 637 38
637 639 CS
639 644 24
644 646 CS
646 647 10
647 649 CS
649 654 39
654 656 CS
656 661 40
661 663 CS
663 668 19
668 670 CS
670 675 15
675 677 CS
677 682 25
682 684 CS
684 689 14
689 691 CS
691 696 27
696 698 CS
698 703 29
703 705 CS
705 710 41
710 712 CS
712 717 1
717 719 CS
719 724 28
724 726 CS
726 731 12
731 733 CS
733 738 2
738 740 CS
740 745 9
745 747 CS
747 752 11
752 754 CS
754 759 0
759 761 CS
761 766 42
766 768 CS
768 773 30
773 775 CS
775 780 43
780 782 CS
782 787 13
787 789 CS
789 794 3
794 796 CS
796 801 31
801 803 CS
803 808 44
808 810 CS
810 815 45
815 817 CS
817 822 18
822 824 CS
824 829 4
829 831 CS
831 836 46
836 838 CS
838 843 47
843 845 CS
845 850 34
850 852 CS
852 857 22
857 859 CS
859 864 48
864 866 CS
866 871 49
871 873 CS
873 878 17
878 880 CS
880 885 50
885 887 CS
887 892 16
892 894 CS
894 899 20
899 901 CS
901 906 32
906 908 CS
908 913 51
913 915 CS
915 920 33
920 922 CS
922 927 36
927 929 CS
929 934 6
934 936 CS
936 941 37
941 943 CS
943 948 35
948 950 CS
950 955 8
955 957 CS
957 962 38
962 964 CS
964 969 7
969 971 CS
971 976 52
976 978 CS
978 983 53
983 985 CS
985 990 54
990 992 CS
992 997 55
997 999 CS
999 1004 56
1004 1006 CS
1006 1011 21
1011 1013 CS
1013 1018 5
1018 1020 CS
1020 1025 19
1025 1027 CS
1027 1032 23
1032 1034 CS
1034 1039 39
1039 1041 CS
1041 1046 57
1046 1048 CS
1048 1053 29
1053 1055 CS
1055 1060 40
1060 1062 CS
1062 1067 58
1067 1069 CS
1069 1074 25
1074 1076 CS
1076 1081 24
1081 1083 CS
1083 1088 15
1088 1090 CS
1090 1095 1
1095 1097 CS
1097 1102 27
1102 1104 CS
1104 1109 59
1109 1111 CS
1111 1116 11
1116 1118 CS
1118 1123 60
1123 1125 CS
1125 1130 14
1130 1132 CS
1132 1137 9
1137 1139 CS
1139 1144 41
1144 1146 CS
1146 1151 28
1151 1153 CS
1153 1158 61
1158 1160 CS
1160 1165 42
1165 1167 CS
1167 1172 62
1172 1174 CS
1174 1179 2
1179 1181 CS
1181 1186 63
1186 1188 CS
1188 1193 64
1193 1195 CS
1195 1200 66
1200 1202 CS
1202 1207 65
1207 1209 CS
1209 1214 67
1214 1216 CS
1216 1221 68
1221 1223 CS
1223 1228 0
1228 1230 CS
1230 1235 30
1235 1237 CS
1237 1242 43
1242 1244 CS
1244 1249 69
1249 1251 CS
1251 1256 12
1256 1258 CS
1258 1263 13
1263 1265 CS
1265 1270 31
1270 1272 CS
1272 1277 70
1277 1279 CS
1279 1284 3
1284 1286 CS
1286 1291 45
1291 1293 CS
1293 1298 71
1298 1300 CS
1300 1305 72
1305 1307 CS
1307 1312 34
1312 1314 CS
1314 1319 47
1319 1321 CS
1321 1326 73
1326 1328 CS
1328 1333 74
1333 1335 CS
1335 1340 75
1340 1342 CS
1342 1347 76
1347 1349 CS
1349 1354 17
1354 1356 CS
1356 1361 22
1361 1363 CS
1363 1368 77
1368 1370 CS
1370 1375 44
1375 1377 CS
1377 1382 18
1382 1384 CS
1384 1389 48
1389 1391 CS
1391 1396 78
1396 1398 CS
1398 1403 16
1403 1405 CS
1405 1410 79
1410 1412 CS
1412 1417 4
1417 1419 CS
1419 1424 80
1424 1426 CS
1426 1431 49
1431 1433 CS
1433 1438 51
1438 1440 CS
1440 1445 46
1445 1447 CS
1447 1452 81
1452 1454 CS
1454 1459 82
1459 1461 CS
1461 1466 36
1466 1468 CS
1468 1473 50
1473 1475 CS
1475 1480 37
1480 1482 CS
1482 1487 20
1487 1489 CS
1489 1492 38
1492 1494 CS
1494 1499 83
1499 1501 CS
1501 1506 84
1506 1508 CS
1508 1513 6
1513 1515 CS
1515 1520 85
1520 1522 CS
1522 1527 86
1527 1529 CS
1529 1534 32
1534 1536 CS
1536 1541 33
1541 1543 CS
1543 1548 35
1548 1550 CS
1550 1555 54
1555 1557 CS
1557 1562 56
1562 1564 CS
1564 1569 87
1569 1571 CS
1571 1576 88
1576 1578 CS
1578 1583 89
1583 1585 CS
1585 1590 90
1590 1592 CS
1592 1597 19
1597 1599 CS
1599 1604 52
1604 1606 CS
1606 1611 91
1611 1613 CS
1613 1618 7
1618 1620 CS
1620 1625 92
1625 1627 CS
1627 1632 29
1632 1634 CS
1634 1639 93
1639 1641 CS
1641 1646 94
1646 1648 CS
1648 1653 5
1653 1655 CS
1655 1660 58
1660 1662 CS
1662 1667 53
1667 1669 CS
1669 1674 55
1674 1676 CS
1676 1681 95
1681 1683 CS
1683 1688 39
1688 1690 CS
1690 1695 21
1695 1697 CS
1697 1702 57
1702 1704 CS
1704 1709 96
1709 1711 CS
1711 1716 97
1716 1718 CS
1718 1723 98
1723 1725 CS
1725 1730 99
1730 1732 CS
1732 1737 23
1737 1739 CS
1739 1744 100
1744 1746 CS
1746 1751 25
1751 1753 CS
1753 1758 40
1758 1760 CS
1760 1765 59
1765 1767 CS
1767 1772 11
1772 1774 CS
1774 1779 1
1779 1781 CS
1781 1786 102
1786 1788 CS
1788 1793 101
1793 1795 CS
1795 1800 103
1800 1802 CS
1802 1807 60
1807 1809 CS
1809 1814 104
1814 1816 CS
1816 1821 15
1821 1823 CS
1823 1828 9
1828 1830 CS
1830 1835 27
1835 1837 CS
1837 1842 105
1842 1844 CS
1844 1849 24
1849 1851 CS
1851 1856 106
1856 1858 CS
1858 1863 107
1863 1865 CS
1865 1870 108
1870 1872 CS
1872 1877 61
1877 1879 CS
1879 1884 109
1884 1886 CS
1886 1891 42
1891 1893 CS
1893 1898 110
1898 1900 CS
1900 1905 28
1905 1907 CS
1907 1912 41
1912 1914 CS
1914 1919 14
1919 1921 CS
1921 1926 111
1926 1928 CS
1928 1933 112
1933 1935 CS
1935 1940 113
1940 1942 CS
1942 1947 114
1947 1949 CS
1949 1954 2
1954 1956 CS
1956 1961 64
1961 1963 CS
1963 1968 62
1968 1970 CS
1970 1975 115
1975 1977 CS
1977 1982 116
1982 1984 CS
1984 1989 117
1989 1991 CS
1991 1996 65
1996 1998 CS
1998 2003 118
2003 2005 CS
2005 2010 67
2010 2012 CS
2012 2017 63
2017 2019 CS
2019 2024 30
2024 2026 CS
2026 2031 43
2031 2033 CS
2033 2038 0
2038 2040 CS
2040 2045 66
2045 2047 CS
2047 2051 119
2051 2053 CS
2053 2058 31
2058 2060 CS
2060 2065 13
2065 2067 CS
2067 2072 120
2072 2074 CS
2074 2079 122
2079 2081 CS
2081 2086 121
2086 2088 CS
2088 2093 68
2093 2095 CS
2095 2100 45
2100 2102 CS
2102 2107 34
2107 2109 CS
2109 2114 3
2114 2116 CS
2116 2121 69
2121 2123 CS
2123 2128 123
2128 2130 CS
2130 2135 47
2135 2137 CS
2137 2142 124
2142 2144 CS
2144 2149 125
2149 2151 CS
2151 2156 126
2156 2158 CS
2158 2163 74
2163 2165 CS
2165 2170 127
2170 2172 CS
2172 2177 12
2177 2179 CS
2179 2184 128
2184 2186 CS
2186 2191 129
2191 2193 CS
2193 2198 70
2198 2200 CS
2200 2205 71
2205 2207 CS
2207 2212 17
2212 2214 CS
2214 2219 130
2219 2221 CS
2221 2226 72
2226 2228 CS
2228 2233 73
2233 2235 CS
2235 2240 75
2240 2242 CS
2242 2247 22
2247 2249 CS
2249 2254 76
2254 2256 CS
2256 2261 131
2261 2263 CS
2263 2268 78
2268 2270 CS
2270 2275 132
2275 2277 CS
2277 2282 48
2282 2284 CS
2284 2289 16
2289 2291 CS
2291 2296 79
2296 2298 CS
2298 2303 77
2303 2305 CS
2305 2310 80
2310 2312 CS
2312 2317 51
2317 2319 CS
2319 2324 133
2324 2326 CS
2326 2331 18
2331 2333 CS
2333 2338 44
2338 2340 CS
2340 2345 134
2345 2347 CS
2347 2352 135
2352 2354 CS
2354 2359 136
2359 2361 CS
2361 2366 49
2366 2368 CS
2368 2373 36
2373 2375 CS
2375 2380 37
2380 2382 CS
2382 2387 137
2387 2389 CS
2389 2394 138
2394 2396 CS
2396 2401 81
2401 2403 CS
2403 2408 4
2408 2410 CS
2410 2415 139
2415 2417 CS
2417 2422 140
2422 2424 CS
2424 2429 141
2429 2431 CS
2431 2436 46
2436 2438 CS
2438 2443 142
2443 2445 CS
2445 2450 50
2450 2452 CS
2452 2457 84
2457 2459 CS
2459 2464 20
2464 2466 CS
2466 2471 82
2471 2473 CS
2473 2478 143
2478 2480 CS
2480 2485 6
2485 2487 CS
2487 2492 54
2492 2494 CS
2494 2499 56
2499 2501 CS
2501 2506 144
2506 2508 CS
2508 2513 83
2513 2515 CS
2515 2520 145
2520 2522 CS
2522 2527 86
2527 2529 CS
2529 2534 35
2534 2536 CS
2536 2541 146
2541 2543 CS
2543 2548 147
2548 2550 CS
2550 2555 85
2555 2557 CS
2557 2562 33
2562 2564 CS
2564 2569 88
2569 2571 CS
2571 2576 19
2576 2578 CS
2578 2583 32
2583 2585 CS
2585 2590 148
2590 2592 CS
2592 2597 87
2597 2599 CS
2599 2604 149
2604 2606 CS
2606 2611 150
2611 2613 CS
2613 2618 90
2618 2620 CS
2620 2625 29
2625 2627 CS
2627 2632 151
2632 2634 CS
2634 2639 152
2639 2641 CS
2641 2646 154
2646 2648 CS
2648 2653 153
2653 2655 CS
2655 2660 155
2660 2662 CS
2662 2667 156
2667 2669 CS
2669 2674 58
2674 2676 CS
2676 2681 89
2681 2683 CS
2683 2688 157
2688 2690 CS
2690 2695 159
2695 2697 CS
2697 2702 158
2702 2704 CS
2704 2709 160
2709 2711 CS
2711 2716 92
2716 2718 CS
2718 2723 161
2723 2725 CS
2725 2730 52
2730 2732 CS
2732 2737 162
2737 2739 CS
2739 2744 163
2744 2746 CS
2746 2751 94
2751 2753 CS
2753 2758 164
2758 2760 CS
2760 2765 165
2765 2767 CS
2767 2772 166
2772 2774 CS
2774 2779 7
2779 2781 CS
2781 2786 91
2786 2788 CS
2788 2793 5
2793 2795 CS
2795 2800 93
2800 2802 CS
2802 2807 96
2807 2809 CS
2809 2814 167
2814 2816 CS
2816 2821 39
2821 2823 CS
2823 2828 95
2828 2830 CS
2830 2835 57
2835 2837 CS
2837 2842 55
2842 2844 CS
2844 2849 99
2849 2851 CS
2851 2856 53
2856 2858 CS
2858 2863 168
2863 2865 CS
2865 2870 59
2870 2872 CS
2872 2877 100
2877 2879 CS
2879 2884 21
2884 2886 CS
2886 2891 11
2891 2893 CS
2893 2898 169
2898 2900 CS
2900 2905 170
2905 2907 CS
2907 2912 25
2912 2914 CS
2914 2919 172
2919 2921 CS
2921 2926 171
2926 2928 CS
2928 2933 97
2933 2935 CS
2935 2940 98
2940 2942 CS
2942 2947 173
2947 2949 CS
2949 2954 1
2954 2956 CS
2956 2961 40
2961 2963 CS
2963 2968 23
2968 2970 CS
2970 2975 60
2975 2977 CS
2977 2982 174
2982 2984 CS
2984 2989 175
2989 2991 CS
2991 2996 102
2996 2998 CS
2998 3003 176
3003 3005 CS
3005 3010 9
3010 3012 CS
3012 3017 101
3017 3019 CS
3019 3024 177
3024 3026 CS
3026 3031 105
3031 3033 CS
3033 3038 103
3038 3040 CS
3040 3045 15
3045 3047 CS
3047 3052 104
3052 3054 CS
3054 3059 108
3059 3061 CS
3061 3066 61
3066 3068 CS
3068 3073 27
3073 3075 CS
3075 3080 42
3080 3082 CS
3082 3087 178
3087 3089 CS
3089 3094 179
3094 3096 CS
3096 3101 107
3101 3103 CS
3103 3108 109
3108 3110 CS
3110 3115 180
3115 3117 CS
3117 3122 181
3122 3124 CS
3124 3129 110
3129 3131 CS
3131 3136 24
3136 3138 CS
3138 3143 111
3143 3145 CS
3145 3150 106
3150 3152 CS
3152 3157 28
3157 3159 CS
3159 3164 182
3164 3166 CS
3166 3171 183
3171 3173 CS
3173 3178 114
3178 3180 CS
3180 3185 184
3185 3187 CS
3187 3192 41
3192 3194 CS
3194 3199 113
3199 3201 CS
3201 3206 185
3206 3208 CS
3208 3213 116
3213 3215 CS
3215 3220 186
3220 3222 CS
3222 3227 14
3227 3229 CS
3229 3234 2
3234 3236 CS
3236 3241 64
3241 3243 CS
3243 3248 115
3248 3250 CS
3250 3255 187
3255 3257 CS
3257 3262 112
3262 3264 CS
3264 3269 188
3269 3271 CS
3271 3276 117
3276 3278 CS
3278 3283 189
3283 3285 CS
3285 3290 62
3290 3292 CS
3292 3297 190
3297 3299 CS
3299 3304 191
3304 3306 CS
3306 3311 192
3311 3313 CS
3313 3318 65
3318 3320 CS
3320 3325 193
3325 3327 CS
3327 3332 30
3332 3334 CS
3334 3339 43
3339 3341 CS
3341 3346 194
3346 3348 CS
3348 3353 67
3353 3355 CS
3355 3360 196
3360 3362 CS
3362 3367 195
3367 3369 CS
3369 3371 197
3371 3373 CS
3373 3378 198
3378 3380 CS
3380 3385 31
3385 3387 CS
3387 3392 118
3392 3394 CS
3394 3399 0
3399 3401 CS
3401 3406 13
3406 3408 CS
3408 3413 121
3413 3415 CS
3415 3420 63
3420 3422 CS
3422 3427 199
3427 3429 CS
3429 3434 34
3434 3436 CS
3436 3441 120
3441 3443 CS
3443 3448 45
3448 3450 CS
3450 3455 66
3455 3457 CS
3457 3462 122
3462 3464 CS
3464 3469 47
3469 3471 CS
3471 3476 3
3476 3478 CS
3478 3483 125
3483 3485 CS
3485 3490 74
3490 3492 CS
3492 3497 123
3497 3499 CS
3499 3504 126
3504 3506 CS
3506 3511 68
3511 3513 CS
3513 3518 69
3518 3520 CS
3520 3525 124
3525 3527 CS
3527 3532 129
3532 3534 CS
3534 3539 17
3539 3541 CS
3541 3546 128
3546 3548 CS
3548 3553 127
3553 3555 CS
3555 3560 12
3560 3562 CS
3562 3567 71
3567 3569 CS
3569 3574 78
3574 3576 CS
3576 3581 131
3581 3583 CS
3583 3588 70
3588 3590 CS
3590 3595 73
3595 3597 CS
3597 3602 75
3602 3604 CS
3604 3609 130
3609 3611 CS
3611 3616 72
3616 3618 CS
3618 3623 76
3623 3625 CS
3625 3630 16
3630 3632 CS
3632 3637 79
3637 3639 CS
3639 3644 48
3644 3646 CS
3646 3651 80
3651 3653 CS
3653 3658 51
3658 3660 CS
3660 3665 132
3665 3667 CS
3667 3672 133
3672 3674 CS
3674 3679 77
3679 3681 CS
3681 3686 136
3686 3688 CS
3688 3693 36
3693 3695 CS
3695 3700 134
3700 3702 CS
3702 3707 37
3707 3709 CS
3709 3714 18
3714 3716 CS
3716 3721 49
3721 3723 CS
3723 3728 137
3728 3730 CS
3730 3735 44
3735 3737 CS
3737 3742 139
3742 3744 CS
3744 3749 140
3749 3751 CS
3751 3756 135
3756 3758 CS
3758 3763 81
3763 3765 CS
3765 3770 138
3770 3772 CS
3772 3777 84
3777 3779 CS
3779 3784 4
3784 3786 CS
3786 3791 141
3791 3793 CS
3793 3798 50
3798 3800 CS
3800 3805 54
3805 3807 CS
3807 3812 56
3812 3814 CS
3814 3819 142
3819 3821 CS
3821 3826 46
3826 3828 CS
3828 3833 20
3833 3835 CS
3835 3840 6
3840 3842 CS
3842 3847 145
3847 3849 CS
3849 3854 143
3854 3856 CS
3856 3861 82
3861 3863 CS
3863 3868 144
3868 3870 CS
3870 3875 147
3875 3877 CS
3877 3882 146
3882 3884 CS
3884 3889 35
3889 3891 CS
3891 3896 86
3896 3898 CS
3898 3903 19
3903 3905 CS
3905 3910 83
3910 3912 CS
3912 3917 88
3917 3919 CS
3919 3924 148
3924 3926 CS
3926 3931 149
3931 3933 CS
3933 3938 33
3938 3940 CS
3940 3945 29
3945 3947 CS
3947 3952 85
3952 3954 CS
3954 3959 152
3959 3961 CS
3961 3966 87
3966 3968 CS
3968 3973 151
3973 3975 CS
3975 3980 32
3980 3982 CS
3982 3987 90
3987 3989 CS
3989 3994 150
3994 3996 CS
3996 4001 155
4001 4003 CS
4003 4008 58
4008 4010 CS
4010 4015 156
4015 4017 CS
4017 4022 158
4022 4024 CS
4024 4029 153
4029 4031 CS
4031 4036 154
4036 4038 CS
4038 4043 159
4043 4045 CS
4045 4050 161
4050 4052 CS
4052 4057 160
4057 4059 CS
4059 4064 89
4064 4066 CS
4066 4071 157
4071 4073 CS
4073 4078 92
4078 4080 CS
4080 4085 165
4085 4087 CS
4087 4092 164
4092 4094 CS
4094 4099 94
4099 4101 CS
4101 4106 163
4106 4108 CS
4108 4113 162
4113 4115 CS
4115 4120 166
4120 4122 CS
4122 4127 52
4127 4129 CS
4129 4134 96
4134 4136 CS
4136 4141 167
4141 4143 CS
4143 4148 5
4148 4150 CS
4150 4155 7
4155 4157 CS
4157 4162 93
4162 4164 CS
4164 4169 39
4169 4171 CS
4171 4176 99
4176 4178 CS
4178 4183 91
4183 4185 CS
4185 4190 59
4190 4192 CS
4192 4197 57
4197 4199 CS
4199 4204 95
4204 4206 CS
4206 4211 11
4211 4213 CS
4213 4218 168
4218 4220 CS
4220 4225 169
4225 4227 CS
4227 4232 100
4232 4234 CS
4234 4239 55
4239 4241 CS
4241 4246 53
4246 4248 CS
4248 4253 25
4253 4255 CS
4255 4260 21
4260 4262 CS
4262 4267 170
4267 4269 CS
4269 4274 172
4274 4276 CS
4276 4281 1
4281 4283 CS
4283 4288 60
4288 4290 CS
4290 4295 171
4295 4297 CS
4297 4302 173
4302 4304 CS
4304 4309 175
4309 4311 CS
4311 4316 97
4316 4318 CS
4318 4323 174
4323 4325 CS
4325 4330 40
4330 4332 CS
4332 4337 98
4337 4339 CS
4339 4344 9
4344 4346 CS
4346 4351 102
4351 4353 CS
4353 4358 23
4358 4360 CS
4360 4365 105
4365 4367 CS
4367 4372 176
4372 4374 CS
4374 4379 108
4379 4381 CS
4381 4386 61
4386 4388 CS
4388 4393 101
4393 4395 CS
4395 4400 42
4400 4402 CS
4402 4407 178
4407 4409 CS
4409 4414 177
4414 4416 CS
4416 4421 15
4421 4423 CS
4423 4428 103
4428 4430 CS
4430 4435 104
4435 4437 CS
4437 4442 27
4442 4444 CS
4444 4449 109
4449 4451 CS
4451 4456 107
4456 4458 CS
4458 4463 110
4463 4465 CS
4465 4470 181
4470 4472 CS
4472 4477 111
4477 4479 CS
4479 4484 180
4484 4486 CS
4486 4491 179
4491 4493 CS
4493 4498 114
4498 4500 CS
4500 4505 28
4505 4507 CS
4507 4512 24
4512 4514 CS
4514 4519 113
4519 4521 CS
4521 4526 106
4526 4528 CS
4528 4533 183
4533 4535 CS
4535 4540 182
4540 4542 CS
4542 4547 185
4547 4549 CS
4549 4554 41
4554 4556 CS
4556 4561 184
4561 4563 CS
4563 4568 2
4568 4570 CS
4570 4575 115
4575 4577 CS
4577 4582 64
4582 4584 CS
4584 4589 188
4589 4591 CS
4591 4596 14
4596 4598 CS
4598 4603 187
4603 4605 CS
4605 4610 186
4610 4612 CS
4612 4617 190
4617 4619 CS
4619 4624 117
4624 4626 CS
4626 4631 191
4631 4633 CS
4633 4638 112
4638 4640 CS
4640 4645 189
4645 4647 CS
4647 4652 62
4652 4654 CS
4654 4659 194
4659 4661 CS
4661 4666 43
4666 4668 CS
4668 4673 195
4673 4675 CS
4675 4680 30
4680 4682 CS
4682 4687 65
4687 4689 CS
4689 4694 192
4694 4696 CS
4696 4701 193
4701 4703 CS
4703 4708 31
4708 4710 CS
4710 4715 67
4715 4717 CS
4717 4722 121
4722 4724 CS
4724 4729 196
4729 4731 CS
4731 4736 13
4736 4738 CS
4738 4743 34
4743 4745 CS
4745 4750 198
4750 4752 CS
4752 4757 0
4757 4759 CS
4759 4764 45
4764 4766 CS
4766 4771 118
4771 4773 CS
4773 4778 47
4778 4780 CS
4780 4785 120
4785 4787 CS
4787 4792 199
4792 4794 CS
4794 4799 74
4799 4801 CS
4801 4806 125
4806 4808 CS
4808 4813 63
4813 4815 CS
4815 4820 3
4820 4822 CS
4822 4824 126
4824 4826 CS
4826 4831 122
4831 4833 CS
4833 4838 66
4838 4840 CS
4840 4845 17
4845 4847 CS
4847 4852 129
4852 4854 CS
4854 4859 78
4859 4861 CS
4861 4866 128
4866 4868 CS
4868 4873 124
4873 4875 CS
4875 4880 131
4880 4882 CS
4882 4887 69
4887 4889 CS
4889 4894 68
4894 4896 CS
4896 4901 71
4901 4903 CS
4903 4908 127
4908 4910 CS
4910 4915 79
4915 4917 CS
4917 4922 12
4922 4924 CS
4924 4929 73
4929 4931 CS
4931 4936 75
4936 4938 CS
4938 4943 80
4943 4945 CS
4945 4950 51
4950 4952 CS
4952 4957 70
4957 4959 CS
4959 4964 76
4964 4966 CS
4966 4971 48
4971 4973 CS
4973 4978 130
4978 4980 CS
4980 4985 72
4985 4987 CS
4987 4992 136
4992 4994 CS
4994 4999 133
4999 5001 CS
5001 5006 36
5006 5008 CS
5008 5013 37
5013 5015 CS
5015 5020 132
5020 5022 CS
5022 5027 77
5027 5029 CS
5029 5034 134
5034 5036 CS
5036 5041 139
5041 5043 CS
5043 5048 137
5048 5050 CS
5050 5055 49
5055 5057 CS
5057 5062 140
5062 5064 CS
5064 5069 84
5069 5071 CS
5071 5076 81
5076 5078 CS
5078 5083 44
5083 5085 CS
5085 5090 56
5090 5092 CS
5092 5097 54
5097 5099 CS
5099 5104 138
5104 5106 CS
5106 5111 135
5111 5113 CS
5113 5118 50
5118 5120 CS
5120 5125 141
5125 5127 CS
5127 5132 4
5132 5134 CS
5134 5139 145
5139 5141 CS
5141 5146 6
5146 5148 CS
5148 5153 142
5153 5155 CS
5155 5160 20
5160 5162 CS
5162 5167 147
5167 5169 CS
5169 5174 46
5174 5176 CS
5176 5181 19
5181 5183 CS
5183 5188 146
5188 5190 CS
5190 5195 143
5195 5197 CS
5197 5202 144
5202 5204 CS
5204 5209 35
5209 5211 CS
5211 5216 149
5216 5218 CS
5218 5223 148
5223 5225 CS
5225 5230 88
5230 5232 CS
5232 5237 82
5237 5239 CS
5239 5243 29
5243 5245 CS
5245 5247 86
5247 5249 CS
5249 5254 152
5254 5256 CS
5256 5261 83
5261 5263 CS
5263 5268 151
5268 5270 CS
5270 5275 33
5275 5277 CS
5277 5282 155
5282 5284 CS
5284 5289 58
5289 5291 CS
5291 5296 87
5296 5298 CS
5298 5303 158
5303 5305 CS
5305 5310 90
5310 5312 CS
5312 5317 85
5317 5319 CS
5319 5324 150
5324 5326 CS
5326 5331 161
5331 5333 CS
5333 5338 156
5338 5340 CS
5340 5345 32
5345 5347 CS
5347 5352 159
5352 5354 CS
5354 5359 153
5359 5361 CS
5361 5366 160
5366 5368 CS
5368 5373 165
5373 5375 CS
5375 5380 154
5380 5382 CS
5382 5387 164
5387 5389 CS
5389 5394 92
5394 5396 CS
5396 5401 94
5401 5403 CS
5403 5408 89
5408 5410 CS
5410 5415 157
5415 5417 CS
5417 5422 166
5422 5424 CS
5424 5429 96
5429 5431 CS
5431 5436 163
5436 5438 CS
5438 5443 167
5443 5445 CS
5445 5450 162
5450 5452 CS
5452 5457 59
5457 5459 CS
5459 5464 5
5464 5466 CS
5466 5471 99
5471 5473 CS
5473 5478 52
5478 5480 CS
5480 5485 11
5485 5487 CS
5487 5492 39
5492 5494 CS
5494 5499 93
5499 5501 CS
5501 5506 169
5506 5508 CS
5508 5513 7
5513 5515 CS
5515 5520 57
5520 5522 CS
5522 5527 168
5527 5529 CS
5529 5534 95
5534 5536 CS
5536 5541 100
5541 5543 CS
5543 5548 91
5548 5550 CS
5550 5555 25
5555 5557 CS
5557 5562 60
5562 5564 CS
5564 5569 1
5569 5571 CS
5571 5576 55
5576 5578 CS
5578 5583 175
5583 5585 CS
5585 5590 172
5590 5592 CS
5592 5597 170
5597 5599 CS
5599 5604 53
5604 5606 CS
5606 5611 21
5611 5613 CS
5613 5618 173
5618 5620 CS
5620 5625 174
5625 5627 CS
5627 5632 171
5632 5634 CS
5634 5639 9
5639 5641 CS
5641 5642 40
5642 5644 CS
5644 5649 105
5649 5651 CS
5651 5656 108
5656 5658 CS
5658 5663 61
5663 5665 CS
5665 5670 97
5670 5672 CS
5672 5677 102
5677 5679 CS
5679 5684 42
5684 5686 CS
5686 5691 178
5691 5693 CS
5693 5698 98
5698 5700 CS
5700 5705 176
5705 5707 CS
5707 5712 23
5712 5714 CS
5714 5719 101
5719 5721 CS
5721 5726 109
5726 5728 CS
5728 5733 15
5733 5735 CS
5735 5740 110
5740 5742 CS
5742 5747 177
5747 5749 CS
5749 5754 27
5754 5756 CS
5756 5761 111
5761 5763 CS
5763 5768 107
5768 5770 CS
5770 5775 103
5775 5777 CS
5777 5782 104
5782 5784 CS
5784 5789 181
5789 5791 CS
5791 5796 114
5796 5798 CS
5798 5803 180
5803 5805 CS
5805 5810 113
5810 5812 CS
5812 5817 28
5817 5819 CS
5819 5824 179
5824 5826 CS
5826 5831 185
5831 5833 CS
5833 5838 24
5838 5840 CS
5840 5845 183
5845 5847 CS
5847 5852 115
5852 5854 CS
5854 5859 2
5859 5861 CS
5861 5866 41
5866 5868 CS
5868 5873 188
5873 5875 CS
5875 5880 106
5880 5882 CS
5882 5887 182
5887 5889 CS
5889 5894 64
5894 5896 CS
5896 5901 184
5901 5903 CS
5903 5908 190
5908 5910 CS
5910 5915 187
5915 5917 CS
5917 5922 191
5922 5924 CS
5924 5929 117
5929 5931 CS
5931 5936 14
5936 5938 CS
5938 5943 195
5943 5945 CS
5945 5950 194
5950 5952 CS
5952 5957 186
5957 5959 CS
5959 5962 43
5962 5964 CS
5964 5969 189
5969 5971 CS
5971 5976 112
5976 5978 CS
5978 5983 62
5983 5985 CS
5985 5990 30
5990 5992 CS
5992 5997 31
5997 5999 CS
5999 6004 121
6004 6006 CS
6006 6011 34
6011 6013 CS
6013 6018 65
6018 6020 CS
6020 6025 13
6025 6027 CS
6027 6032 192
6032 6034 CS
6034 6039 67
6039 6041 CS
6041 6046 193
6046 6048 CS
6048 6053 45
6053 6055 CS
6055 6060 47
6060 6062 CS
6062 6067 196
6067 6069 CS
6069 6074 74
6074 6076 CS
6076 6081 0
6081 6083 CS
6083 6088 198
6088 6090 CS
6090 6095 125
6095 6097 CS
6097 6102 120
6102 6104 CS
6104 6109 17
6109 6111 CS
6111 6116 118
6116 6118 CS
6118 6123 199
6123 6125 CS
6125 6130 3
6130 6132 CS
6132 6137 78
6137 6139 CS
6139 6144 129
6144 6146 CS
6146 6151 131
6151 6153 CS
6153 6158 63
6158 6160 CS
6160 6165 128
6165 6167 CS
6167 6172 122
6172 6174 CS
6174 6179 66
6179 6181 CS
6181 6186 79
6186 6188 CS
6188 6193 124
6193 6195 CS
6195 6200 80
6200 6202 CS
6202 6207 51
6207 6209 CS
6209 6214 71
6214 6216 CS
6216 6221 69
6221 6223 CS
6223 6226 73
6226 6228 CS
6228 6233 75
6233 6235 CS
6235 6240 68
6240 6242 CS
6242 6247 127
6247 6249 CS
6249 6254 136
6254 6256 CS
6256 6261 48
6261 6263 CS
6263 6268 76
6268 6270 CS
6270 6275 12
6275 6277 CS
6277 6282 36
6282 6284 CS
6284 6289 133
6289 6291 CS
6291 6296 37
6296 6298 CS
6298 6303 70
6303 6305 CS
6305 6310 139
6310 6312 CS
6312 6317 130
6317 6319 CS
6319 6324 72
6324 6326 CS
6326 6331 137
6331 6333 CS
6333 6338 140
6338 6340 CS
6340 6343 134
6343 6345 CS
6345 6350 77
6350 6352 CS
6352 6357 132
6357 6359 CS
6359 6364 84
6364 6366 CS
6366 6371 49
6371 6373 CS
6373 6378 56
6378 6380 CS
6380 6385 54
6385 6387 CS
6387 6392 81
6392 6394 CS
6394 6399 138
6399 6401 CS
6401 6406 145
6406 6408 CS
6408 6413 44
6413 6415 CS
6415 6420 50
6420 6422 CS
6422 6427 147
6427 6429 CS
6429 6434 6
6434 6436 CS
6436 6441 141
6441 6443 CS
6443 6448 19
6448 6450 CS
6450 6455 135
6455 6457 CS
6457 6462 4
6462 6464 CS
6464 6469 20
6469 6471 CS
6471 6476 142
6476 6478 CS
6478 6483 146
6483 6485 CS
6485 6490 149
6490 6492 CS
6492 6497 148
6497 6499 CS
6499 6504 35
6504 6506 CS
6506 6511 46
6511 6513 CS
6513 6518 152
6518 6520 CS
6520 6525 144
6525 6527 CS
6527 6532 88
6532 6534 CS
6534 6539 143
6539 6541 CS
6541 6546 151
6546 6548 CS
6548 6553 58
6553 6555 CS
6555 6560 155
6560 6562 CS
6562 6567 158
6567 6569 CS
6569 6574 82
6574 6576 CS
6576 6581 161
6581 6583 CS
6583 6588 83
6588 6590 CS
6590 6595 33
6595 6597 CS
6597 6602 87
6602 6604 CS
6604 6609 90
6609 6611 CS
6611 6616 159
6616 6618 CS
6618 6623 156
6623 6625 CS
6625 6630 150
6630 6632 CS
6632 6637 165
6637 6639 CS
6639 6644 85
6644 6646 CS
6646 6651 160
6651 6653 CS
6653 6658 164
6658 6660 CS
6660 6665 153
6665 6667 CS
6667 6672 32
6672 6674 CS
6674 6679 94
6679 6681 CS
6681 6686 92
6686 6688 CS
6688 6693 96
6693 6695 CS
6695 6700 166
6700 6702 CS
6702 6707 154
6707 6709 CS
6709 6714 59
6714 6716 CS
6716 6720 167
6720 6722 CS
6722 6727 163
6727 6729 CS
6729 6734 11
6734 6736 CS
6736 6741 89
6741 6743 CS
6743 6748 157
6748 6750 CS
6750 6755 99
6755 6757 CS
6757 6762 162
6762 6764 CS
6764 6769 169
6769 6771 CS
6771 6776 5
6776 6778 CS
6778 6783 39
6783 6785 CS
6785 6790 52
6790 6792 CS
6792 6797 168
6797 6799 CS
6799 6804 57
6804 6806 CS
6806 6811 93
6811 6813 CS
6813 6818 100
6818 6820 CS
6820 6825 60
6825 6827 CS
6827 6832 95
6832 6834 CS
6834 6839 1
6839 6841 CS
6841 6846 25
6846 6848 CS
6848 6853 7
6853 6855 CS
6855 6860 175
6860 6862 CS
6862 6867 91
6867 6869 CS
6869 6874 172
6874 6876 CS
6876 6881 55
6881 6883 CS
6883 6888 9
6888 6890 CS
6890 6895 174
6895 6897 CS
6897 6902 170
6902 6904 CS
6904 6909 173
6909 6911 CS
6911 6916 61
6916 6918 CS
6918 6923 108
6923 6925 CS
6925 6930 105
6930 6932 CS
6932 6937 21
6937 6939 CS
6939 6944 42
6944 6946 CS
6946 6951 178
6951 6953 CS
6953 6958 53
6958 6960 CS
6960 6965 171
6965 6967 CS
6967 6972 102
6972 6974 CS
6974 6975 97
6975 6977 CS
6977 6982 109
6982 6984 CS
6984 6989 110
6989 6991 CS
6991 6996 176
6996 6998 CS
6998 7003 101
7003 7005 CS
7005 7010 98
7010 7012 CS
7012 7017 111
7017 7019 CS
7019 7024 15
7024 7026 CS
7026 7031 23
7031 7033 CS
7033 7038 27
7038 7040 CS
7040 7045 107
7045 7047 CS
7047 7052 114
7052 7054 CS
7054 7059 177
7059 7061 CS
7061 7066 181
7066 7068 CS
7068 7073 113
7073 7075 CS
7075 7080 103
7080 7082 CS
7082 7087 104
7087 7089 CS
7089 7094 180
7094 7096 CS
7096 7098 28
7098 7100 CS
7100 7105 185
7105 7107 CS
7107 7112 115
7112 7114 CS
7114 7119 188
7119 7121 CS
7121 7126 2
7126 7128 CS
7128 7133 179
7133 7135 CS
7135 7140 183
7140 7142 CS
7142 7147 24
7147 7149 CS
7149 7154 41
7154 7156 CS
7156 7161 190
7161 7163 CS
7163 7168 64
7168 7170 CS
7170 7175 191
7175 7177 CS
7177 7182 195
7182 7184 CS
7184 7189 187
7189 7191 CS
7191 7196 182
7196 7198 CS
7198 7203 184
7203 7205 CS
7205 7210 106
7210 7212 CS
7212 7217 117
7217 7219 CS
7219 7224 194
7224 7226 CS
7226 7231 14
7231 7233 CS
7233 7238 34
7238 7240 CS
7240 7245 31
7245 7247 CS
7247 7252 121
7252 7254 CS
7254 7259 189
7259 7261 CS
7261 7266 30
7266 7268 CS
7268 7273 186
7273 7275 CS
7275 7280 62
7280 7282 CS
7282 7287 112
7287 7289 CS
7289 7291 13
7291 7293 CS
7293 7298 47
7298 7300 CS
7300 7305 45
7305 7307 CS
7307 7312 65
7312 7314 CS
7314 7319 74
7319 7321 CS
7321 7326 67
7326 7328 CS
7328 7333 192
7333 7335 CS
7335 7340 125
7340 7342 CS
7342 7347 17
7347 7349 CS
7349 7354 193
7354 7356 CS
7356 7361 0
7361 7363 CS
7363 7368 196
7368 7370 CS
7370 7373 78
7373 7375 CS
7375 7380 120
7380 7382 CS
7382 7387 198
7387 7389 CS
7389 7394 131
7394 7396 CS
7396 7401 129
7401 7403 CS
7403 7408 3
7408 7410 CS
7410 7415 199
7415 7417 CS
7417 7422 79
7422 7424 CS
7424 7429 118
7429 7431 CS
7431 7436 128
7436 7438 CS
7438 7443 80
7443 7445 CS
7445 7450 51
7450 7452 CS
7452 7457 122
7457 7459 CS
7459 7464 63
7464 7466 CS
7466 7471 124
7471 7473 CS
7473 7478 136
7478 7480 CS
7480 7485 66
7485 7487 CS
7487 7492 71
7492 7494 CS
7494 7499 75
7499 7501 CS
7501 7506 48
7506 7508 CS
7508 7513 36
7513 7515 CS
7515 7520 69
7520 7522 CS
7522 7527 37
7527 7529 CS
7529 7534 76
7534 7536 CS
7536 7541 133
7541 7543 CS
7543 7548 139
7548 7550 CS
7550 7555 127
7555 7557 CS
7557 7562 68
7562 7564 CS
7564 7569 140
7569 7571 CS
7571 7576 137
7576 7578 CS
7578 7583 12
7583 7585 CS
7585 7590 70
7590 7592 CS
7592 7597 56
7597 7599 CS
7599 7604 130
7604 7606 CS
7606 7611 84
7611 7613 CS
7613 7618 72
7618 7620 CS
7620 7625 54
7625 7627 CS
7627 7632 77
7632 7634 CS
7634 7639 49
7639 7641 CS
7641 7646 132
7646 7648 CS
7648 7653 145
7653 7655 CS
7655 7660 81
7660 7662 CS
7662 7667 147
7667 7669 CS
7669 7674 138
7674 7676 CS
7676 7681 19
7681 7683 CS
7683 7688 6
7688 7690 CS
7690 7695 50
7695 7697 CS
7697 7702 44
7702 7704 CS
7704 7709 149
7709 7711 CS
7711 7716 141
7716 7718 CS
7718 7723 146
7723 7725 CS
7725 7730 152
7730 7732 CS
7732 7737 148
7737 7739 CS
7739 7744 20
7744 7746 CS
7746 7751 135
7751 7753 CS
7753 7758 142
7758 7760 CS
7760 7765 4
7765 7767 CS
7767 7772 35
7772 7774 CS
7774 7779 58
7779 7781 CS
7781 7785 88
7785 7787 CS
7787 7792 151
7792 7794 CS
7794 7799 155
7799 7801 CS
7801 7806 158
7806 7808 CS
7808 7813 144
7813 7815 CS
7815 7820 161
7820 7822 CS
7822 7827 46
7827 7829 CS
7829 7834 143
7834 7836 CS
7836 7841 159
7841 7843 CS
7843 7848 165
7848 7850 CS
7850 7855 87
7855 7857 CS
7857 7862 90
7862 7864 CS
7864 7866 33
7866 7868 CS
7868 7873 82
7873 7875 CS
7875 7880 156
7880 7882 CS
7882 7887 83
7887 7889 CS
7889 7894 164
7894 7896 CS
7896 7901 150
7901 7903 CS
7903 7908 160
7908 7910 CS
7910 7915 96
7915 7917 CS
7917 7920 94
7920 7922 CS
7922 7927 59
7927 7929 CS
7929 7934 166
7934 7936 CS
7936 7939 153
7939 7941 CS
7941 7946 85
7946 7948 CS
7948 7953 92
7953 7955 CS
7955 7960 11
7960 7962 CS
7962 7967 32
7967 7969 CS
7969 7974 163
7974 7976 CS
7976 7981 169
7981 7983 CS
7983 7988 99
7988 7990 CS
7990 7995 154
7995 7997 CS
7997 8002 162
8002 8004 CS
8004 8009 89
8009 8011 CS
8011 8015 157
8015 8017 CS
8017 8021 5
8021 8023 CS
8023 8028 168
8028 8030 CS
8030 8035 39
8035 8037 CS
8037 8042 60
8042 8044 CS
8044 8049 100
8049 8051 CS
8051 8056 57
8056 8058 CS
8058 8063 52
8063 8065 CS
8065 8070 175
8070 8072 CS
8072 8077 93
8077 8079 CS
8079 8084 25
8084 8086 CS
8086 8091 95
8091 8093 CS
8093 8098 9
8098 8100 CS
8100 8105 61
8105 8107 CS
8107 8112 174
8112 8114 CS
8114 8119 172
8119 8121 CS
8121 8126 7
8126 8128 CS
8128 8131 108
8131 8133 CS
8133 8138 42
8138 8140 CS
8140 8145 178
8145 8147 CS
8147 8152 105
8152 8154 CS
8154 8159 91
8159 8161 CS
8161 8166 55
8166 8168 CS
8168 8173 173
8173 8175 CS
8175 8176 170
8176 8178 CS
8178 8183 109
8183 8185 CS
8185 8190 110
8190 8192 CS
8192 8197 21
8197 8199 CS
8199 8204 102
8204 8206 CS
8206 8211 171
8211 8213 CS
8213 8218 111
8218 8220 CS
8220 8225 53
8225 8227 CS
8227 8232 176
8232 8234 CS
8234 8239 101
8239 8241 CS
8241 8246 114
8246 8248 CS
8248 8253 15
8253 8255 CS
8255 8260 98
8260 8262 CS
8262 8267 107
8267 8269 CS
8269 8274 27
8274 8276 CS
8276 8281 181
8281 8283 CS
8283 8288 113
8288 8290 CS
8290 8295 23
8295 8297 CS
8297 8302 177
8302 8304 CS
8304 8309 115
8309 8311 CS
8311 8316 188
8316 8318 CS
8318 8323 185
8323 8325 CS
8325 8330 180
8330 8332 CS
8332 8337 103
8337 8339 CS
8339 8344 104
8344 8346 CS
8346 8351 2
8351 8353 CS
8353 8358 190
8358 8360 CS
8360 8365 195
8365 8367 CS
8367 8372 191
8372 8374 CS
8374 8379 64
8379 8381 CS
8381 8383 41
8383 8385 CS
8385 8390 183
8390 8392 CS
8392 8397 179
8397 8399 CS
8399 8404 24
8404 8406 CS
8406 8411 187
8411 8413 CS
8413 8418 34
8418 8420 CS
8420 8425 194
8425 8427 CS
8427 8432 117
8432 8434 CS
8434 8439 31
8439 8441 CS
8441 8446 121
8446 8448 CS
8448 8453 184
8453 8455 CS
8455 8460 182
8460 8462 CS
8462 8467 106
8467 8469 CS
8469 8474 14
8474 8476 CS
8476 8481 30
8481 8483 CS
8483 8488 47
8488 8490 CS
8490 8495 189
8495 8497 CS
8497 8502 74
8502 8504 CS
8504 8509 45
8509 8511 CS
8511 8516 62
8516 8518 CS
8518 8523 17
8523 8525 CS
8525 8530 125
8530 8532 CS
8532 8537 186
8537 8539 CS
8539 8544 112
8544 8546 CS
8546 8551 65
8551 8553 CS
8553 8558 67
8558 8560 CS
8560 8565 131
8565 8567 CS
8567 8572 192
8572 8574 CS
8574 8577 0
8577 8579 CS
8579 8584 129
8584 8586 CS
8586 8591 120
8591 8593 CS
8593 8598 79
8598 8600 CS
8600 8605 193
8605 8607 CS
8607 8611 196
8611 8613 CS
8613 8618 198
8618 8620 CS
8620 8625 3
8625 8627 CS
8627 8632 80
8632 8634 CS
8634 8639 51
8639 8641 CS
8641 8646 128
8646 8648 CS
8648 8653 199
8653 8655 CS
8655 8660 136
8660 8662 CS
8662 8667 118
8667 8669 CS
8669 8674 36
8674 8676 CS
8676 8681 122
8681 8683 CS
8683 8688 124
8688 8690 CS
8690 8695 48
8695 8697 CS
8697 8702 37
8702 8704 CS
8704 8709 75
8709 8711 CS
8711 8716 63
8716 8718 CS
8718 8723 71
8723 8725 CS
8725 8730 139
8730 8732 CS
8732 8737 66
8737 8739 CS
8739 8744 133
8744 8746 CS
8746 8751 76
8751 8753 CS
8753 8758 140
8758 8760 CS
8760 8765 69
8765 8767 CS
8767 8772 137
8772 8774 CS
8774 8779 56
8779 8781 CS
8781 8786 84
8786 8788 CS
8788 8793 127
8793 8795 CS
8795 8800 54
8800 8802 CS
8802 8807 68
8807 8809 CS
8809 8814 70
8814 8816 CS
8816 8821 12
8821 8823 CS
8823 8828 130
8828 8830 CS
8830 8835 145
8835 8837 CS
8837 8842 49
8842 8844 CS
8844 8849 147
8849 8851 CS
8851 8856 72
8856 8858 CS
8858 8863 77
8863 8865 CS
8865 8866 19
8866 8868 CS
8868 8873 81
8873 8875 CS
8875 8880 132
8880 8882 CS
8882 8887 149
8887 8889 CS
8889 8894 138
8894 8896 CS
8896 8901 6
8901 8903 CS
8903 8908 152
8908 8910 CS
8910 8915 50
8915 8917 CS
8917 8922 146
8922 8924 CS
8924 8929 148
8929 8931 CS
8931 8936 141
8936 8938 CS
8938 8943 58
8943 8945 CS
8945 8946 44
8946 8948 CS
8948 8953 20
8953 8955 CS
8955 8960 155
8960 8962 CS
8962 8967 151
8967 8969 CS
8969 8974 158
8974 8976 CS
8976 8981 35
8981 8983 CS
8983 8988 161
8988 8990 CS
8990 8995 142
8995 8997 CS
8997 9002 135
9002 9004 CS
9004 9009 4
9009 9011 CS
9011 9016 165
9016 9018 CS
9018 9023 159
9023 9025 CS
9025 9029 144
9029 9031 CS
9031 9036 143
9036 9038 CS
9038 9043 87
9043 9045 CS
9045 9050 90
9050 9052 CS
9052 9057 46
9057 9059 CS
9059 9064 164
9064 9066 CS
9066 9071 156
9071 9073 CS
9073 9078 96
9078 9080 CS
9080 9085 59
9085 9087 CS
9087 9092 160
9092 9094 CS
9094 9099 150
9099 9101 CS
9101 9106 166
9106 9108 CS
9108 9113 11
9113 9115 CS
9115 9120 82
9120 9122 CS
9122 9127 83
9127 9129 CS
9129 9134 169
9134 9136 CS
9136 9141 92
9141 9143 CS
9143 9148 99
9148 9150 CS
9150 9155 163
9155 9157 CS
9157 9162 85
9162 9164 CS
9164 9169 32
9169 9171 CS
9171 9176 60
9176 9178 CS
9178 9183 162
9183 9185 CS
9185 9190 168
9190 9192 CS
9192 9197 154
9197 9199 CS
9199 9204 100
9204 9206 CS
9206 9211 39
9211 9213 CS
9213 9218 175
9218 9220 CS
9220 9221 89
9221 9223 CS
9223 9228 57
9228 9230 CS
9230 9235 61
9235 9237 CS
9237 9242 25
9242 9244 CS
9244 9248 52
9248 9250 CS
9250 9255 93
9255 9257 CS
9257 9262 42
9262 9264 CS
9264 9269 174
9269 9271 CS
9271 9274 95
9274 9276 CS
9276 9281 178
9281 9283 CS
9283 9288 105
9288 9290 CS
9290 9295 109
9295 9297 CS
9297 9302 7
9302 9304 CS
9304 9309 110
9309 9311 CS
9311 9316 173
9316 9318 CS
9318 9323 111
9323 9325 CS
9325 9330 55
9330 9332 CS
9332 9337 91
9337 9339 CS
9339 9344 102
9344 9346 CS
9346 9351 114
9351 9353 CS
9353 9358 21
9358 9360 CS
9360 9365 171
9365 9367 CS
9367 9372 176
9372 9374 CS
9374 9379 101
9379 9381 CS
9381 9386 15
9386 9388 CS
9388 9393 107
9393 9395 CS
9395 9400 181
9400 9402 CS
9402 9407 53
9407 9409 CS
9409 9414 113
9414 9416 CS
9416 9420 27
9420 9422 CS
9422 9427 98
9427 9429 CS
9429 9434 115
9434 9436 CS
9436 9441 188
9441 9443 CS
9443 9448 185
9448 9450 CS
9450 9455 195
9455 9457 CS
9457 9460 23
9460 9462 CS
9462 9467 190
9467 9469 CS
9469 9474 177
9474 9476 CS
9476 9481 180
9481 9483 CS
9483 9487 2
9487 9489 CS
9489 9494 191
9494 9496 CS
9496 9501 103
9501 9503 CS
9503 9508 104
9508 9510 CS
9510 9515 64
9515 9517 CS
9517 9522 34
9522 9524 CS
9524 9529 194
9529 9531 CS
9531 9536 187
9536 9538 CS
9538 9540 31
9540 9542 CS
9542 9547 183
9547 9549 CS
9549 9554 121
9554 9556 CS
9556 9561 117
9561 9563 CS
9563 9568 179
9568 9570 CS
9570 9575 24
9575 9577 CS
9577 9582 47
9582 9584 CS
9584 9589 74
9589 9591 CS
9591 9596 184
9596 9598 CS
9598 9603 30
9603 9605 CS
9605 9607 17
9607 9609 CS
9609 9614 45
9614 9616 CS
9616 9621 182
9621 9623 CS
9623 9628 14
9628 9630 CS
9630 9635 125
9635 9637 CS
9637 9638 189
9638 9640 CS
9640 9645 106
9645 9647 CS
9647 9652 131
9652 9654 CS
9654 9655 62
9655 9657 CS
9657 9662 79
9662 9664 CS
9664 9669 129
9669 9671 CS
9671 9676 65
9676 9678 CS
9678 9683 67
9683 9685 CS
9685 9690 112
9690 9692 CS
9692 9697 186
9697 9699 CS
9699 9704 120
9704 9706 CS
9706 9711 80
9711 9713 CS
9713 9714 51
9714 9716 CS
9716 9721 3
9721 9723 CS
9723 9728 136
9728 9730 CS
9730 9735 128
9735 9737 CS
9737 9742 198
9742 9744 CS
9744 9749 193
9749 9751 CS
9751 9756 36
9756 9758 CS
9758 9763 199
9763 9765 CS
9765 9770 37
9770 9772 CS
9772 9777 48
9777 9779 CS
9779 9784 139
9784 9786 CS
9786 9791 118
9791 9793 CS
9793 9798 124
9798 9800 CS
9800 9805 122
9805 9807 CS
9807 9812 75
9812 9814 CS
9814 9819 133
9819 9821 CS
9821 9826 140
9826 9828 CS
9828 9833 56
9833 9835 CS
9835 9840 76
9840 9842 CS
9842 9847 137
9847 9849 CS
9849 9854 63
9854 9856 CS
9856 9861 84
9861 9863 CS
9863 9868 54
9868 9870 CS
9870 9875 66
9875 9877 CS
9877 9882 69
9882 9884 CS
9884 9889 145
9889 9891 CS
9891 9896 147
9896 9898 CS
9898 9901 127
9901 9903 CS
9903 9908 49
9908 9910 CS
9910 9915 70
9915 9917 CS
9917 9922 68
9922 9924 CS
9924 9929 149
9929 9931 CS
9931 9936 130
9936 9938 CS
9938 9943 12
9943 9945 CS
9945 9950 152
9950 9952 CS
9952 9957 81
9957 9959 CS
9959 9964 77
9964 9966 CS
9966 9971 72
9971 9973 CS
9973 9978 6
9978 9980 CS
9980 9985 58
9985 9987 CS
9987 9992 138
9992 9994 CS
9994 9999 132
9999 10001 CS
10001 10006 148
10006 10008 CS
10008 10013 146
10013 10015 CS
10015 10020 155
10020 10022 CS
10022 10027 50
10027 10029 CS
10029 10034 158
10034 10036 CS
10036 10041 151
10041 10043 CS
10043 10048 161
10048 10050 CS
10050 10055 141
10055 10057 CS
10057 10062 20
10062 10064 CS
10064 10069 35
10069 10071 CS
10071 10076 165
10076 10078 CS
10078 10083 159
10083 10085 CS
10085 10090 142
10090 10092 CS
10092 10097 164
10097 10099 CS
10099 10104 135
10104 10106 CS
10106 10111 4
10111 10113 CS
10113 10118 59
10118 10120 CS
10120 10125 96
10125 10127 CS
10127 10132 87
10132 10134 CS
10134 10139 90
10139 10141 CS
10141 10146 143
10146 10148 CS
10148 10153 156
10153 10155 CS
10155 10160 11
10160 10162 CS
10162 10167 166
10167 10169 CS
10169 10174 160
10174 10176 CS
10176 10181 169
10181 10183 CS
10183 10188 46
10188 10190 CS
10190 10195 150
10195 10197 CS
10197 10202 99
10202 10204 CS
10204 10209 60
10209 10211 CS
10211 10216 92
10216 10218 CS
10218 10223 163
10223 10225 CS
10225 10230 83
10230 10232 CS
10232 10237 82
10237 10239 CS
10239 10244 168
10244 10246 CS
10246 10251 175
10251 10253 CS
10253 10258 100
10258 10260 CS
10260 10265 162
10265 10267 CS
10267 10272 61
10272 10274 CS
10274 10279 85
10279 10281 CS
10281 10286 32
10286 10288 CS
10288 10292 39
10292 10294 CS
10294 10299 42
10299 10301 CS
10301 10306 154
10306 10308 CS
10308 10313 57
10313 10315 CS
10315 10316 25
10316 10318 CS
10318 10323 178
10323 10325 CS
10325 10330 174
10330 10332 CS
10332 10337 105
10337 10339 CS
10339 10344 109
10344 10346 CS
10346 10351 93
10351 10353 CS
10353 10358 110
10358 10360 CS
10360 10365 111
10365 10367 CS
10367 10372 173
10372 10374 CS
10374 10379 114
10379 10381 CS
10381 10386 7
10386 10388 CS
10388 10393 102
10393 10395 CS
10395 10400 55
10400 10402 CS
10402 10407 91
10407 10409 CS
10409 10414 171
10414 10416 CS
10416 10421 176
10421 10423 CS
10423 10428 101
10428 10430 CS
10430 10435 181
10435 10437 CS
10437 10442 21
10442 10444 CS
10444 10449 107
10449 10451 CS
10451 10456 15
10456 10458 CS
10458 10463 113
10463 10465 CS
10465 10470 195
10470 10472 CS
10472 10477 115
10477 10479 CS
10479 10484 188
10484 10486 CS
10486 10491 190
10491 10493 CS
10493 10498 185
10498 10500 CS
10500 10505 53
10505 10507 CS
10507 10512 98
10512 10514 CS
10514 10519 191
10519 10521 CS
10521 10526 34
10526 10528 CS
10528 10533 180
10533 10535 CS
10535 10540 177
10540 10542 CS
10542 10547 194
10547 10549 CS
10549 10554 64
10554 10556 CS
10556 10561 121
10561 10563 CS
10563 10568 103
10568 10570 CS
10570 10575 104
10575 10577 CS
10577 10582 187
10582 10584 CS
10584 10589 47
10589 10591 CS
10591 10596 74
10596 10598 CS
10598 10603 117
10603 10605 CS
10605 10610 183
10610 10612 CS
10612 10617 45
10617 10619 CS
10619 10621 30
10621 10623 CS
10623 10628 179
10628 10630 CS
10630 10635 125
10635 10637 CS
10637 10642 24
10642 10644 CS
10644 10646 184
10646 10648 CS
10648 10653 131
10653 10655 CS
10655 10660 79
10660 10662 CS
10662 10667 129
10667 10669 CS
10669 10674 14
10674 10676 CS
10676 10681 182
10681 10683 CS
10683 10685 80
10685 10687 CS
10687 10692 136
10692 10694 CS
10694 10699 106
10699 10701 CS
10701 10706 65
10706 10708 CS
10708 10713 67
10713 10715 CS
10715 10720 120
10720 10722 CS
10722 10725 3
10725 10727 CS
10727 10732 112
10732 10734 CS
10734 10739 128
10739 10741 CS
10741 10746 36
10746 10748 CS
10748 10752 37
10752 10754 CS
10754 10759 186
10759 10761 CS
10761 10766 198
10766 10768 CS
10768 10773 48
10773 10775 CS
10775 10780 193
10780 10782 CS
10782 10787 140
10787 10789 CS
10789 10792 56
10792 10794 CS
10794 10799 133
10799 10801 CS
10801 10806 75
10806 10808 CS
10808 10811 124
10811 10813 CS
10813 10818 118
10818 10820 CS
10820 10825 122
10825 10827 CS
10827 10832 137
10832 10834 CS
10834 10839 76
10839 10841 CS
10841 10846 54
10846 10848 CS
10848 10853 84
10853 10855 CS
10855 10860 145
10860 10862 CS
10862 10867 147
10867 10869 CS
10869 10874 63
10874 10876 CS
10876 10881 149
10881 10883 CS
10883 10888 49
10888 10890 CS
10890 10895 152
10895 10897 CS
10897 10902 66
10902 10904 CS
10904 10909 69
10909 10911 CS
10911 10916 58
10916 10918 CS
10918 10923 70
10923 10925 CS
10925 10930 81
10930 10932 CS
10932 10937 130
10937 10939 CS
10939 10944 68
10944 10946 CS
10946 10951 6
10951 10953 CS
10953 10958 77
10958 10960 CS
10960 10965 12
10965 10967 CS
10967 10972 155
10972 10974 CS
10974 10979 148
10979 10981 CS
10981 10986 72
10986 10988 CS
10988 10993 158
10993 10995 CS
10995 11000 138
11000 11002 CS
11002 11007 146
11007 11009 CS
11009 11014 161
11014 11016 CS
11016 11017 151
11017 11019 CS
11019 11024 132
11024 11026 CS
11026 11031 50
11031 11033 CS
11033 11038 165
11038 11040 CS
11040 11045 159
11045 11047 CS
11047 11052 35
11052 11054 CS
11054 11059 20
11059 11061 CS
11061 11066 164
11066 11068 CS
11068 11073 141
11073 11075 CS
11075 11080 59
11080 11082 CS
11082 11087 96
11087 11089 CS
11089 11094 142
11094 11096 CS
11096 11101 11
11101 11103 CS
11103 11108 87
11108 11110 CS
11110 11115 169
11115 11117 CS
11117 11122 135
11122 11124 CS
11124 11129 4
11129 11131 CS
11131 11136 166
11136 11138 CS
11138 11143 156
11143 11145 CS
11145 11150 160
11150 11152 CS
11152 11157 143
11157 11159 CS
11159 11161 60
11161 11163 CS
11163 11166 99
11166 11168 CS
11168 11173 150
11173 11175 CS
11175 11180 175
11180 11182 CS
11182 11187 92
11187 11189 CS
11189 11194 163
11194 11196 CS
11196 11201 46
11201 11203 CS
11203 11208 168
11208 11210 CS
11210 11214 61
11214 11216 CS
11216 11221 100
11221 11223 CS
11223 11228 42
11228 11230 CS
11230 11233 83
11233 11235 CS
11235 11240 162
11240 11242 CS
11242 11247 178
11247 11249 CS
11249 11254 82
11254 11256 CS
11256 11261 57
11261 11263 CS
11263 11265 174
11265 11267 CS
11267 11272 105
11272 11274 CS
11274 11276 85
11276 11278 CS
11278 11283 32
11283 11285 CS
11285 11290 110
11290 11292 CS
11292 11297 154
11297 11299 CS
11299 11304 111
11304 11306 CS
11306 11311 114
11311 11313 CS
11313 11318 93
11318 11320 CS
11320 11325 173
11325 11327 CS
11327 11332 102
11332 11334 CS
11334 11337 7
11337 11339 CS
11339 11344 181
11344 11346 CS
11346 11351 195
11351 11353 CS
11353 11355 55
11355 11357 CS
11357 11358 171
11358 11360 CS
11360 11365 176
11365 11367 CS
11367 11372 101
11372 11374 CS
11374 11379 107
11379 11381 CS
11381 11386 113
11386 11388 CS
11388 11393 91
11393 11395 CS
11395 11400 190
11400 11402 CS
11402 11407 115
11407 11409 CS
11409 11414 188
11414 11416 CS
11416 11421 15
11421 11423 CS
11423 11428 34
11428 11430 CS
11430 11435 191
11435 11437 CS
11437 11442 185
11442 11444 CS
11444 11449 194
11449 11451 CS
11451 11456 121
11456 11458 CS
11458 11463 180
11463 11465 CS
11465 11470 98
11470 11472 CS
11472 11477 64
11477 11479 CS
11479 11484 53
11484 11486 CS
11486 11491 47
11491 11493 CS
11493 11497 74
11497 11499 CS
11499 11504 177
11504 11506 CS
11506 11511 187
11511 11513 CS
11513 11518 45
11518 11520 CS
11520 11525 103
11525 11527 CS
11527 11532 104
11532 11534 CS
11534 11537 117
11537 11539 CS
11539 11544 125
11544 11546 CS
11546 11551 79
11551 11553 CS
11553 11558 131
11558 11560 CS
11560 11565 183
11565 11567 CS
11567 11572 129
11572 11574 CS
11574 11579 136
11579 11581 CS
11581 11586 179
11586 11588 CS
11588 11592 14
11592 11594 CS
11594 11599 36
11599 11601 CS
11601 11606 182
11606 11608 CS
11608 11613 120
11613 11615 CS
11615 11620 65
11620 11622 CS
11622 11627 67
11627 11629 CS
11629 11634 128
11634 11636 CS
11636 11641 106
11641 11643 CS
11643 11648 48
11648 11650 CS
11650 11655 140
11655 11657 CS
11657 11662 112
11662 11664 CS
11664 11669 133
11669 11671 CS
11671 11676 198
11676 11678 CS
11678 11683 186
11683 11685 CS
11685 11690 75
11690 11692 CS
11692 11697 193
11697 11699 CS
11699 11704 137
11704 11706 CS
11706 11711 54
11711 11713 CS
11713 11718 84
11718 11720 CS
11720 11725 76
11725 11727 CS
11727 11731 145
11731 11733 CS
11733 11738 147
11738 11740 CS
11740 11745 149
11745 11747 CS
11747 11752 122
11752 11754 CS
11754 11759 118
11759 11761 CS
11761 11766 152
11766 11768 CS
11768 11773 58
11773 11775 CS
11775 11780 49
11780 11782 CS
11782 11787 63
11787 11789 CS
11789 11794 81
11794 11796 CS
11796 11801 155
11801 11803 CS
11803 11808 66
11808 11810 CS
11810 11815 69
11815 11817 CS
11817 11822 6
11822 11824 CS
11824 11829 70
11829 11831 CS
11831 11834 158
11834 11836 CS
11836 11841 148
11841 11843 CS
11843 11845 130
11845 11847 CS
11847 11852 77
11852 11854 CS
11854 11859 161
11859 11861 CS
11861 11866 68
11866 11868 CS
11868 11873 146
11873 11875 CS
11875 11880 12
11880 11882 CS
11882 11887 165
11887 11889 CS
11889 11894 138
11894 11896 CS
11896 11901 72
11901 11903 CS
11903 11908 159
11908 11910 CS
11910 11915 59
11915 11917 CS
11917 11922 50
11922 11924 CS
11924 11929 164
11929 11931 CS
11931 11936 132
11936 11938 CS
11938 11943 35
11943 11945 CS
11945 11950 11
11950 11952 CS
11952 11957 96
11957 11959 CS
11959 11964 20
11964 11966 CS
11966 11971 169
11971 11973 CS
11973 11978 141
11978 11980 CS
11980 11985 142
11985 11987 CS
11987 11992 87
11992 11994 CS
11994 11999 166
11999 12001 CS
12001 12006 156
12006 12008 CS
12008 12013 160
12013 12015 CS
12015 12020 175
12020 12022 CS
12022 12027 135
12027 12029 CS
12029 12034 4
12034 12036 CS
12036 12041 143
12041 12043 CS
12043 12048 150
12048 12050 CS
12050 12055 42
12055 12057 CS
12057 12062 92
12062 12064 CS
12064 12069 163
12069 12071 CS
12071 12076 168
12076 12078 CS
12078 12083 100
12083 12085 CS
12085 12090 178
12090 12092 CS
12092 12097 46
12097 12099 CS
12099 12104 162
12104 12106 CS
12106 12111 105
12111 12113 CS
12113 12118 57
12118 12120 CS
12120 12125 110
12125 12127 CS
12127 12132 111
12132 12134 CS
12134 12139 114
12139 12141 CS
12141 12146 82
12146 12148 CS
12148 12153 195
12153 12155 CS
12155 12159 32
12159 12161 CS
12161 12166 154
12166 12168 CS
12168 12169 173
12169 12171 CS
12171 12176 102
12176 12178 CS
12178 12183 181
12183 12185 CS
12185 12190 93
12190 12192 CS
12192 12197 190
12197 12199 CS
12199 12204 113
12204 12206 CS
12206 12211 107
12211 12213 CS
12213 12215 176
12215 12217 CS
12217 12222 101
12222 12224 CS
12224 12229 34
12229 12231 CS
12231 12236 115
12236 12238 CS
12238 12242 188
12242 12244 CS
12244 12248 191
12248 12250 CS
12250 12255 121
12255 12257 CS
12257 12262 194
12262 12264 CS
12264 12269 15
12269 12271 CS
12271 12276 91
12276 12278 CS
12278 12283 185
12283 12285 CS
12285 12290 47
12290 12292 CS
12292 12297 180
12297 12299 CS
12299 12304 64
12304 12306 CS
12306 12310 45
12310 12312 CS
12312 12317 98
12317 12319 CS
12319 12324 187
12324 12326 CS
12326 12331 79
12331 12333 CS
12333 12338 125
12338 12340 CS
12340 12345 131
12345 12347 CS
12347 12352 53
12352 12354 CS
12354 12359 177
12359 12361 CS
12361 12366 136
12366 12368 CS
12368 12373 129
12373 12375 CS
12375 12380 103
12380 12382 CS
12382 12384 104
12384 12386 CS
12386 12391 36
12391 12393 CS
12393 12398 183
12398 12400 CS
12400 12405 120
12405 12407 CS
12407 12412 128
12412 12414 CS
12414 12419 179
12419 12421 CS
12421 12425 140
12425 12427 CS
12427 12432 48
12432 12434 CS
12434 12439 65
12439 12441 CS
12441 12442 67
12442 12444 CS
12444 12447 182
12447 12449 CS
12449 12454 133
12454 12456 CS
12456 12461 54
12461 12463 CS
12463 12468 137
12468 12470 CS
12470 12475 106
12475 12477 CS
12477 12480 75
12480 12482 CS
12482 12487 198
12487 12489 CS
12489 12494 84
12494 12496 CS
12496 12501 149
12501 12503 CS
12503 12508 147
12508 12510 CS
12510 12515 76
12515 12517 CS
12517 12522 152
12522 12524 CS
12524 12529 186
12529 12531 CS
12531 12536 193
12536 12538 CS
12538 12541 58
12541 12543 CS
12543 12548 155
12548 12550 CS
12550 12551 49
12551 12553 CS
12553 12558 122
12558 12560 CS
12560 12565 81
12565 12567 CS
12567 12572 118
12572 12574 CS
12574 12579 161
12579 12581 CS
12581 12586 6
12586 12588 CS
12588 12593 148
12593 12595 CS
12595 12600 63
12600 12602 CS
12602 12607 66
12607 12609 CS
12609 12614 69
12614 12616 CS
12616 12621 165
12621 12623 CS
12623 12628 70
12628 12630 CS
12630 12635 77
12635 12637 CS
12637 12642 146
12642 12644 CS
12644 12649 59
12649 12651 CS
12651 12656 159
12656 12658 CS
12658 12663 138
12663 12665 CS
12665 12666 164
12666 12668 CS
12668 12673 68
12673 12675 CS
12675 12680 12
12680 12682 CS
12682 12687 72
12687 12689 CS
12689 12694 169
12694 12696 CS
12696 12697 50
12697 12699 CS
12699 12704 35
12704 12706 CS
12706 12711 132
12711 12713 CS
12713 12718 20
12718 12720 CS
12720 12723 166
12723 12725 CS
12725 12730 175
12730 12732 CS
12732 12734 141
12734 12736 CS
12736 12741 87
12741 12743 CS
12743 12746 156
12746 12748 CS
12748 12753 142
12753 12755 CS
12755 12757 160
12757 12759 CS
12759 12764 42
12764 12766 CS
12766 12771 178
12771 12773 CS
12773 12778 168
12778 12780 CS
12780 12785 92
12785 12787 CS
12787 12792 100
12792 12794 CS
12794 12799 143
12799 12801 CS
12801 12806 135
12806 12808 CS
12808 12813 4
12813 12815 CS
12815 12820 163
12820 12822 CS
12822 12827 105
12827 12829 CS
12829 12834 110
12834 12836 CS
12836 12841 111
12841 12843 CS
12843 12848 114
12848 12850 CS
12850 12855 195
12855 12857 CS
12857 12859 162
12859 12861 CS
12861 12866 57
12866 12868 CS
12868 12873 46
12873 12875 CS
12875 12880 190
12880 12882 CS
12882 12887 181
12887 12889 CS
12889 12894 102
12894 12896 CS
12896 12900 34
12900 12902 CS
12902 12907 113
12907 12909 CS
12909 12912 82
12912 12914 CS
12914 12919 154
12919 12921 CS
12921 12926 107
12926 12928 CS
12928 12933 93
12933 12935 CS
12935 12940 115
12940 12942 CS
12942 12947 121
12947 12949 CS
12949 12954 101
12954 12956 CS
12956 12961 47
12961 12963 CS
12963 12968 15
12968 12970 CS
12970 12973 185
12973 12975 CS
12975 12980 79
12980 12982 CS
12982 12987 64
12987 12989 CS
12989 12994 180
12994 12996 CS
12996 13001 125
13001 13003 CS
13003 13008 131
13008 13010 CS
13010 13015 91
13015 13017 CS
13017 13022 187
13022 13024 CS
13024 13029 136
13029 13031 CS
13031 13032 98
13032 13034 CS
13034 13039 129
13039 13041 CS
13041 13044 36
13044 13046 CS
13046 13051 177
13051 13053 CS
13053 13058 128
13058 13060 CS
13060 13061 120
13061 13063 CS
13063 13064 103
13064 13066 CS
13066 13071 48
13071 13073 CS
13073 13078 183
13078 13080 CS
13080 13083 54
13083 13085 CS
13085 13090 133
13090 13092 CS
13092 13097 137
13097 13099 CS
13099 13104 179
13104 13106 CS
13106 13111 65
13111 13113 CS
13113 13116 149
13116 13118 CS
13118 13123 84
13123 13125 CS
13125 13130 152
13130 13132 CS
13132 13137 147
13137 13139 CS
13139 13143 198
13143 13145 CS
13145 13150 155
13150 13152 CS
13152 13157 106
13157 13159 CS
13159 13164 161
13164 13166 CS
13166 13171 81
13171 13173 CS
13173 13178 193
13178 13180 CS
13180 13185 186
13185 13187 CS
13187 13192 148
13192 13194 CS
13194 13199 6
13199 13201 CS
13201 13206 122
13206 13208 CS
13208 13213 165
13213 13215 CS
13215 13219 118
13219 13221 CS
13221 13226 59
13226 13228 CS
13228 13233 146
13233 13235 CS
13235 13238 159
13238 13240 CS
13240 13244 66
13244 13246 CS
13246 13251 77
13251 13253 CS
13253 13257 69
13257 13259 CS
13259 13264 169
13264 13266 CS
13266 13271 70
13271 13273 CS
13273 13278 138
13278 13280 CS
13280 13285 175
13285 13287 CS
13287 13289 35
13289 13291 CS
13291 13296 72
13296 13298 CS
13298 13303 68
13303 13305 CS
13305 13310 12
13310 13312 CS
13312 13313 42
13313 13315 CS
13315 13320 178
13320 13322 CS
13322 13327 132
13327 13329 CS
13329 13334 87
13334 13336 CS
13336 13337 168
13337 13339 CS
13339 13341 142
13341 13343 CS
13343 13348 100
13348 13350 CS
13350 13355 105
13355 13357 CS
13357 13362 110
13362 13364 CS
13364 13369 195
13369 13371 CS
13371 13376 111
13376 13378 CS
13378 13382 114
13382 13384 CS
13384 13389 163
13389 13391 CS
13391 13396 143
13396 13398 CS
13398 13403 135
13403 13405 CS
13405 13410 4
13410 13412 CS
13412 13415 190
13415 13417 CS
13417 13420 57
13420 13422 CS
13422 13427 181
13427 13429 CS
13429 13434 102
13434 13436 CS
13436 13441 113
13441 13443 CS
13443 13448 46
13448 13450 CS
13450 13455 121
13455 13457 CS
13457 13462 107
13462 13464 CS
13464 13469 115
13469 13471 CS
13471 13474 47
13474 13476 CS
13476 13481 79
13481 13483 CS
13483 13488 154
13488 13490 CS
13490 13494 93
13494 13496 CS
13496 13501 101
13501 13503 CS
13503 13508 125
13508 13510 CS
13510 13515 131
13515 13517 CS
13517 13519 64
13519 13521 CS
13521 13526 136
13526 13528 CS
13528 13533 180
13533 13535 CS
13535 13540 129
13540 13542 CS
13542 13547 187
13547 13549 CS
13549 13554 128
13554 13556 CS
13556 13561 48
13561 13563 CS
13563 13568 91
13568 13570 CS
13570 13575 137
13575 13577 CS
13577 13582 177
13582 13584 CS
13584 13589 152
13589 13591 CS
13591 13596 84
13596 13598 CS
13598 13603 183
13603 13605 CS
13605 13610 147
13610 13612 CS
13612 13613 155
13613 13615 CS
13615 13620 161
13620 13622 CS
13622 13627 65
13627 13629 CS
13629 13634 179
13634 13636 CS
13636 13641 81
13641 13643 CS
13643 13648 148
13648 13650 CS
13650 13655 165
13655 13657 CS
13657 13662 59
13662 13664 CS
13664 13669 106
13669 13671 CS
13671 13674 193
13674 13676 CS
13676 13681 169
13681 13683 CS
13683 13688 146
13688 13690 CS
13690 13695 186
13695 13697 CS
13697 13702 122
13702 13704 CS
13704 13709 175
13709 13711 CS
13711 13716 77
13716 13718 CS
13718 13723 178
13723 13725 CS
13725 13730 138
13730 13732 CS
13732 13737 70
13737 13739 CS
13739 13743 72
13743 13745 CS
13745 13750 195
13750 13752 CS
13752 13757 100
13757 13759 CS
13759 13764 105
13764 13766 CS
13766 13771 110
13771 13773 CS
13773 13778 87
13778 13780 CS
13780 13785 68
13785 13787 CS
13787 13792 132
13792 13794 CS
13794 13799 111
13799 13801 CS
13801 13805 163
13805 13807 CS
13807 13812 181
13812 13814 CS
13814 13819 143
13819 13821 CS
13821 13826 121
13826 13828 CS
13828 13833 113
13833 13835 CS
13835 13840 102
13840 13842 CS
13842 13847 79
13847 13849 CS
13849 13854 135
13854 13856 CS
13856 13861 4
13861 13863 CS
13863 13868 115
13868 13870 CS
13870 13875 107
13875 13877 CS
13877 13880 125
13880 13882 CS
13882 13887 131
13887 13889 CS
13889 13894 136
13894 13896 CS
13896 13898 46
13898 13900 CS
13900 13902 101
13902 13904 CS
13904 13909 154
13909 13911 CS
13911 13914 129
13914 13916 CS
13916 13921 128
13921 13923 CS
13923 13925 180
13925 13927 CS
13927 13929 48
13929 13931 CS
13931 13936 187
13936 13938 CS
13938 13943 152
13943 13945 CS
13945 13950 137
13950 13952 CS
13952 13957 84
13957 13959 CS
13959 13964 161
13964 13966 CS
13966 13971 147
13971 13973 CS
13973 13977 177
13977 13979 CS
13979 13984 91
13984 13986 CS
13986 13991 59
13991 13993 CS
13993 13998 165
13998 14000 CS
14000 14005 148
14005 14007 CS
14007 14012 183
14012 14014 CS
14014 14019 169
14019 14021 CS
14021 14026 65
14026 14028 CS
14028 14033 179
14033 14035 CS
14035 14038 175
14038 14040 CS
14040 14042 146
14042 14044 CS
14044 14049 195
14049 14051 CS
14051 14056 106
14056 14058 CS
14058 14060 122
14060 14062 CS
14062 14067 77
14067 14069 CS
14069 14072 186
14072 14074 CS
14074 14079 100
14079 14081 CS
14081 14086 105
14086 14088 CS
14088 14093 110
14093 14095 CS
14095 14100 70
14100 14102 CS
14102 14107 111
14107 14109 CS
14109 14114 87
14114 14116 CS
14116 14121 121
14121 14123 CS
14123 14124 181
14124 14126 CS
14126 14131 79
14131 14133 CS
14133 14134 132
14134 14136 CS
14136 14138 113
14138 14140 CS
14140 14143 68
14143 14145 CS
14145 14150 102
14150 14152 CS
14152 14157 143
14157 14159 CS
14159 14164 115
14164 14166 CS
14166 14171 136
14171 14173 CS
14173 14177 131
14177 14179 CS
14179 14183 107
14183 14185 CS
14185 14190 135
14190 14192 CS
14192 14193 152
14193 14195 CS
14195 14200 128
14200 14202 CS
14202 14207 161
14207 14209 CS
14209 14214 137
14214 14216 CS
14216 14221 187
14221 14223 CS
14223 14228 154
14228 14230 CS
14230 14235 84
14235 14237 CS
14237 14242 147
14242 14244 CS
14244 14249 59
14249 14251 CS
14251 14256 169
14256 14258 CS
14258 14263 148
14263 14265 CS
14265 14267 195
14267 14269 CS
14269 14274 91
14274 14276 CS
14276 14277 183
14277 14279 CS
14279 14284 65
14284 14286 CS
14286 14291 100
14291 14293 CS
14293 14298 105
14298 14300 CS
14300 14305 179
14305 14307 CS
14307 14312 110
14312 14314 CS
14314 14315 77
14315 14317 CS
14317 14322 121
14322 14324 CS
14324 14326 79
14326 14328 CS
14328 14333 106
14333 14335 CS
14335 14340 87
14340 14342 CS
14342 14347 136
14347 14349 CS
14349 14354 70
14354 14356 CS
14356 14360 102
14360 14362 CS
14362 14367 115
14367 14369 CS
14369 14374 161
14374 14376 CS
14376 14378 143
14378 14380 CS
14380 14384 128
14384 14386 CS
14386 14391 137
14391 14393 CS
14393 14398 59
14398 14400 CS
14400 14405 84
14405 14407 CS
14407 14412 147
14412 14414 CS
14414 14419 169
14419 14421 CS
14421 14426 187
14426 14428 CS
14428 14433 135
14433 14435 CS
14435 14437 148
14437 14439 CS
14439 14442 154
14442 14444 CS
14444 14449 100
14449 14451 CS
14451 14452 105
14452 14454 CS
14454 14458 110
14458 14460 CS
14460 14465 121
14465 14467 CS
14467 14469 65
14469 14471 CS
14471 14476 136
14476 14478 CS
14478 14483 91
14483 14485 CS
14485 14490 161
14490 14492 CS
14492 14497 179
14497 14499 CS
14499 14504 87
14504 14506 CS
14506 14511 115
14511 14513 CS
14513 14518 59
14518 14520 CS
14520 14525 137
14525 14527 CS
14527 14532 106
14532 14534 CS
14534 14539 169
14539 14541 CS
14541 14546 70
14546 14548 CS
14548 14553 147
14553 14555 CS
14555 14560 187
14560 14562 CS
14562 14567 100
14567 14569 CS
14569 14574 121
14574 14576 CS
14576 14581 136
14581 14583 CS
14583 14588 161
14588 14590 CS
14590 14595 135
14595 14597 CS
14597 14602 59
14602 14604 CS
14604 14605 115
14605 14607 CS
14607 14609 169
14609 14611 CS
14611 14614 137
14614 14616 CS
14616 14617 87
14617 14619 CS
14619 14624 91
14624 14626 CS
14626 14630 147
14630 14632 CS
14632 14634 121
14634 14636 CS
14636 14637 161
14637 14639 CS
14639 14643 100
14643 14645 CS
14645 14648 187
14648 14650 CS
14650 14655 106
14655 14657 CS
14657 14662 70
14690 14692 CS
14692 14697 135
14748 14750 CS
14750 14751 70
14754 14756 CS
14756 14761 106
14792 14794 CS
14794 14798 135
14860 14862 CS
14862 14867 106
14966 14971 106
15070 15074 106
