start end pid
18 76 0
76 78 CS
78 142 2
142 144 CS
144 207 7
207 209 CS
209 294 6
294 296 CS
296 356 1
356 358 CS
358 426 3
426 428 CS
428 488 9
488 490 CS
490 570 11
570 572 CS
572 626 5
626 628 CS
628 653 8
653 655 CS
655 730 12
730 732 CS
732 817 4
817 819 CS
819 835 10
835 837 CS
837 884 13
884 886 CS
886 950 14
950 952 CS
952 1027 15
1027 1029 CS
1029 1064 16
1064 1066 CS
1066 1123 17
1123 1125 CS
1125 1155 18
1155 1157 CS
1157 1208 19
1208 1210 CS
1210 1280 20
1280 1282 CS
1282 1337 21
1337 1339 CS
1339 1364 22
1364 1366 CS
1366 1414 23
1414 1416 CS
1416 1471 24
1471 1473 CS
1473 1524 25
1524 1526 CS
1526 1527 26
1527 1529 CS
1529 1578 27
1578 1580 CS
1580 1617 28
1617 1619 CS
1619 1653 29
1653 1655 CS
1655 1707 30
1707 1709 CS
1709 1756 31
1756 1758 CS
1758 1817 32
1817 1819 CS
1819 1856 33
1856 1858 CS
1858 1927 34
1927 1929 CS
1929 1996 35
1996 1998 CS
1998 2066 36
2066 2068 CS
2068 2122 37
2122 2124 CS
2124 2137 38
2137 2139 CS
2139 2188 39
2188 2190 CS
2190 2216 40
2216 2218 CS
2218 2255 41
2255 2257 CS
2257 2323 42
2323 2325 CS
2325 2353 43
2353 2355 CS
2355 2391 44
2391 2393 CS
2393 2452 45
2452 2454 CS
2454 2521 46
2521 2523 CS
2523 2591 47
2591 2593 CS
2593 2665 48
2665 2667 CS
2667 2723 49
2723 2725 CS
2725 2781 50
2781 2783 CS
2783 2824 51
2824 2826 CS
2826 2865 52
2865 2867 CS
2867 2922 53
2922 2924 CS
2924 2987 54
2987 2989 CS
2989 3036 55
3036 3038 CS
3038 3086 56
3086 3088 CS
3088 3151 57
3151 3153 CS
3153 3211 58
3211 3213 CS
3213 3308 59
3308 3310 CS
3310 3357 60
3357 3359 CS
3359 3408 61
3408 3410 CS
3410 3446 62
3446 3448 CS
3448 3503 63
3503 3505 CS
3505 3567 64
3567 3569 CS
3569 3646 65
3646 3648 CS
3648 3707 66
3707 3709 CS
3709 3760 67
3760 3762 CS
3762 3830 68
3830 3832 CS
3832 3891 69
3891 3893 CS
3893 3979 70
3979 3981 CS
3981 4016 71
4016 4018 CS
4018 4082 72
4082 4084 CS
4084 4107 73
4107 4109 CS
4109 4158 74
4158 4160 CS
4160 4213 75
4213 4215 CS
4215 4270 76
4270 4272 CS
4272 4343 77
4343 4345 CS
4345 4373 78
4373 4375 CS
4375 4452 79
4452 4454 CS
4454 4496 80
4496 4498 CS
4498 4563 81
4563 4565 CS
4565 4618 82
4618 4620 CS
4620 4663 83
4663 4665 CS
4665 4745 84
4745 4747 CS
4747 4789 85
4789 4791 CS
4791 4808 86
4808 4810 CS
4810 4891 87
4891 4893 CS
4893 4922 88
4922 4924 CS
4924 4955 89
4955 4957 CS
4957 4997 90
4997 4999 CS
4999 5079 91
5079 5081 CS
5081 5136 92
5136 5138 CS
5138 5197 93
5197 5199 CS
5199 5227 94
5227 5229 CS
5229 5262 95
5262 5264 CS
5264 5314 96
5314 5316 CS
5316 5337 97
5337 5339 CS
5339 5390 98
5390 5392 CS
5392 5435 99
5435 5437 CS
5437 5526 100
5526 5528 CS
5528 5590 101
5590 5592 CS
5592 5666 102
5666 5668 CS
5668 5719 103
5719 5721 CS
5721 5768 104
5768 5770 CS
5770 5846 105
5846 5848 CS
5848 5947 106
5947 5949 CS
5949 6018 107
6018 6020 CS
6020 6048 108
6048 6050 CS
6050 6090 109
6090 6092 CS
6092 6171 110
6171 6173 CS
6173 6243 111
6243 6245 CS
6245 6290 112
6290 6292 CS
6292 6359 113
6359 6361 CS
6361 6420 114
6420 6422 CS
6422 6503 115
6503 6505 CS
6505 6515 116
6515 6517 CS
6517 6560 117
6560 6562 CS
6562 6616 118
6616 6618 CS
6618 6622 119
6622 6624 CS
6624 6675 120
6675 6677 CS
6677 6764 121
6764 6766 CS
6766 6828 122
6828 6830 CS
6830 6840 123
6840 6842 CS
6842 6880 124
6880 6882 CS
6882 6945 125
6945 6947 CS
6947 6959 126
6959 6961 CS
6961 6994 127
6994 6996 CS
6996 7070 128
7070 7072 CS
7072 7135 129
7135 7137 CS
7137 7179 130
7179 7181 CS
7181 7250 131
7250 7252 CS
7252 7313 132
7313 7315 CS
7315 7370 133
7370 7372 CS
7372 7390 134
7390 7392 CS
7392 7476 135
7476 7478 CS
7478 7563 136
7563 7565 CS
7565 7648 137
7648 7650 CS
7650 7710 138
7710 7712 CS
7712 7747 139
7747 7749 CS
7749 7798 140
7798 7800 CS
7800 7847 141
7847 7849 CS
7849 7901 142
7901 7903 CS
7903 7970 143
7970 7972 CS
7972 8001 144
8001 8003 CS
8003 8047 145
8047 8049 CS
8049 8111 146
8111 8113 CS
8113 8197 147
8197 8199 CS
8199 8271 148
8271 8273 CS
8273 8326 149
8326 8328 CS
8328 8373 150
8373 8375 CS
8375 8411 151
8411 8413 CS
8413 8479 152
8479 8481 CS
8481 8504 153
8504 8506 CS
8506 8574 154
8574 8576 CS
8576 8632 155
8632 8634 CS
8634 8682 156
8682 8684 CS
8684 8708 157
8708 8710 CS
8710 8753 158
8753 8755 CS
8755 8808 159
8808 8810 CS
8810 8857 160
8857 8859 CS
8859 8945 161
8945 8947 CS
8947 8994 162
8994 8996 CS
8996 9055 163
9055 9057 CS
9057 9103 164
9103 9105 CS
9105 9170 165
9170 9172 CS
9172 9220 166
9220 9222 CS
9222 9241 167
9241 9243 CS
9243 9294 168
9294 9296 CS
9296 9378 169
9378 9380 CS
9380 9401 170
9401 9403 CS
9403 9439 171
9439 9441 CS
9441 9466 172
9466 9468 CS
9468 9509 173
9509 9511 CS
9511 9548 174
9548 9550 CS
9550 9613 175
9613 9615 CS
9615 9657 176
9657 9659 CS
9659 9718 177
9718 9720 CS
9720 9780 178
9780 9782 CS
9782 9852 179
9852 9854 CS
9854 9911 180
9911 9913 CS
9913 9974 181
9974 9976 CS
9976 10019 182
10019 10021 CS
10021 10082 183
10082 10084 CS
10084 10116 184
10116 10118 CS
10118 10166 185
10166 10168 CS
10168 10226 186
10226 10228 CS
10228 10306 187
10306 10308 CS
10308 10352 188
10352 10354 CS
10354 10380 189
10380 10382 CS
10382 10435 190
10435 10437 CS
10437 10481 191
10481 10483 CS
10483 10508 192
10508 10510 CS
10510 10563 193
10563 10565 CS
10565 10610 194
10610 10612 CS
10612 10679 195
10679 10681 CS
10681 10705 196
10705 10707 CS
10707 10709 197
10709 10711 CS
10711 10760 198
10760 10762 CS
10762 10792 199
