start end pid
18 38 0
38 58 0
58 60 CS
60 80 1
80 82 CS
82 102 2
102 104 CS
104 122 0
122 124 CS
124 144 3
144 146 CS
146 166 4
166 168 CS
168 188 5
188 190 CS
190 210 6
210 212 CS
212 232 1
232 234 CS
234 254 7
254 256 CS
256 276 8
276 278 CS
278 298 9
298 300 CS
300 320 2
320 322 CS
322 338 10
338 340 CS
340 360 11
360 362 CS
362 382 12
382 384 CS
384 404 14
404 406 CS
406 426 13
426 428 CS
428 448 3
448 450 CS
450 470 15
470 472 CS
472 492 16
492 494 CS
494 514 17
514 516 CS
516 536 4
536 538 CS
538 558 18
558 560 CS
560 580 5
580 582 CS
582 602 19
602 604 CS
604 624 20
624 626 CS
626 646 6
646 648 CS
648 668 1
668 670 CS
670 690 21
690 692 CS
692 712 22
712 714 CS
714 734 23
734 736 CS
736 756 24
756 758 CS
758 778 7
778 780 CS
780 800 27
800 802 CS
802 803 26
803 805 CS
805 825 25
825 827 CS
827 832 8
832 834 CS
834 854 28
854 856 CS
856 876 9
876 878 CS
878 898 2
898 900 CS
900 920 29
920 922 CS
922 942 30
942 944 CS
944 964 11
964 966 CS
966 986 31
986 988 CS
988 1008 32
1008 1010 CS
1010 1030 33
1030 1032 CS
1032 1052 12
1052 1054 CS
1054 1074 34
1074 1076 CS
1076 1096 14
1096 1098 CS
1098 1118 35
1118 1120 CS
1120 1140 36
1140 1142 CS
1142 1162 13
1162 1164 CS
1164 1184 37
1184 1186 CS
1186 1206 3
1206 1208 CS
1208 1221 38
1221 1223 CS
1223 1243 15
1243 1245 CS
1245 1265 39
1265 1267 CS
1267 1287 40
1287 1289 CS
1289 1304 16
1304 1306 CS
1306 1326 41
1326 1328 CS
1328 1348 17
1348 1350 CS
1350 1370 4
1370 1372 CS
1372 1392 42
1392 1394 CS
1394 1404 18
1404 1406 CS
1406 1426 43
1426 1428 CS
1428 1448 45
1448 1450 CS
1450 1470 44
1470 1472 CS
1472 1486 5
1486 1488 CS
1488 1508 46
1508 1510 CS
1510 1530 47
1530 1532 CS
1532 1552 49
1552 1554 CS
1554 1574 48
1574 1576 CS
1576 1596 19
1596 1598 CS
1598 1618 50
1618 1620 CS
1620 1640 20
1640 1642 CS
1642 1662 51
1662 1664 CS
1664 1684 6
1684 1686 CS
1686 1706 52
1706 1708 CS
1708 1728 21
1728 1730 CS
1730 1750 53
1750 1752 CS
1752 1772 54
1772 1774 CS
1774 1794 55
1794 1796 CS
1796 1816 56
1816 1818 CS
1818 1823 22
1823 1825 CS
1825 1845 57
1845 1847 CS
1847 1867 23
1867 1869 CS
1869 1889 58
1889 1891 CS
1891 1911 24
1911 1913 CS
1913 1933 7
1933 1935 CS
1935 1955 59
1955 1957 CS
1957 1977 60
1977 1979 CS
1979 1999 27
1999 2001 CS
2001 2021 61
2021 2023 CS
2023 2043 62
2043 2045 CS
2045 2065 63
2065 2067 CS
2067 2087 64
2087 2089 CS
2089 2109 66
2109 2111 CS
2111 2131 65
2131 2133 CS
2133 2153 67
2153 2155 CS
2155 2175 25
2175 2177 CS
2177 2197 68
2197 2199 CS
2199 2219 69
2219 2221 CS
2221 2241 70
2241 2243 CS
2243 2260 28
2260 2262 CS
2262 2282 9
2282 2284 CS
2284 2304 71
2304 2306 CS
2306 2326 72
2326 2328 CS
2328 2348 73
2348 2350 CS
2350 2370 74
2370 2372 CS
2372 2376 2
2376 2378 CS
2378 2398 75
2398 2400 CS
2400 2420 76
2420 2422 CS
2422 2442 77
2442 2444 CS
2444 2458 29
2458 2460 CS
2460 2480 78
2480 2482 CS
2482 2502 79
2502 2504 CS
2504 2524 80
2524 2526 CS
2526 2546 30
2546 2548 CS
2548 2568 81
2568 2570 CS
2570 2590 11
2590 2592 CS
2592 2612 82
2612 2614 CS
2614 2634 31
2634 2636 CS
2636 2656 83
2656 2658 CS
2658 2678 84
2678 2680 CS
2680 2700 32
2700 2702 CS
2702 2722 85
2722 2724 CS
2724 2741 86
2741 2743 CS
2743 2760 33
2760 2762 CS
2762 2782 87
2782 2784 CS
2784 2804 88
2804 2806 CS
2806 2826 12
2826 2828 CS
2828 2848 89
2848 2850 CS
2850 2870 90
2870 2872 CS
2872 2892 34
2892 2894 CS
2894 2914 91
2914 2916 CS
2916 2936 92
2936 2938 CS
2938 2958 93
2958 2960 CS
2960 2980 94
2980 2982 CS
2982 3002 14
3002 3004 CS
3004 3024 95
3024 3026 CS
3026 3046 35
3046 3048 CS
3048 3068 96
3068 3070 CS
3070 3090 97
3090 3092 CS
3092 3112 98
3112 3114 CS
3114 3134 99
3134 3136 CS
3136 3156 36
3156 3158 CS
3158 3178 100
3178 3180 CS
3180 3200 102
3200 3202 CS
3202 3222 101
3222 3224 CS
3224 3244 103
3244 3246 CS
3246 3253 13
3253 3255 CS
3255 3275 104
3275 3277 CS
3277 3297 37
3297 3299 CS
3299 3319 105
3319 3321 CS
3321 3341 107
3341 3343 CS
3343 3363 106
3363 3365 CS
3365 3385 108
3385 3387 CS
3387 3407 109
3407 3409 CS
3409 3417 3
3417 3419 CS
3419 3439 110
3439 3441 CS
3441 3461 112
3461 3463 CS
3463 3483 111
3483 3485 CS
3485 3505 113
3505 3507 CS
3507 3527 114
3527 3529 CS
3529 3549 15
3549 3551 CS
3551 3571 39
3571 3573 CS
3573 3593 115
3593 3595 CS
3595 3605 116
3605 3607 CS
3607 3613 40
3613 3615 CS
3615 3635 117
3635 3637 CS
3637 3657 118
3657 3659 CS
3659 3663 119
3663 3665 CS
3665 3685 120
3685 3687 CS
3687 3704 41
3704 3706 CS
3706 3726 122
3726 3728 CS
3728 3748 121
3748 3750 CS
3750 3767 17
3767 3769 CS
3769 3779 123
3779 3781 CS
3781 3801 125
3801 3803 CS
3803 3823 124
3823 3825 CS
3825 3837 126
3837 3839 CS
3839 3859 4
3859 3861 CS
3861 3881 127
3881 3883 CS
3883 3903 128
3903 3905 CS
3905 3925 129
3925 3927 CS
3927 3947 42
3947 3949 CS
3949 3969 130
3969 3971 CS
3971 3991 131
3991 3993 CS
3993 4001 43
4001 4003 CS
4003 4023 132
4023 4025 CS
4025 4045 45
4045 4047 CS
4047 4063 44
4063 4065 CS
4065 4085 133
4085 4087 CS
4087 4105 134
4105 4107 CS
4107 4127 135
4127 4129 CS
4129 4149 136
4149 4151 CS
4151 4171 46
4171 4173 CS
4173 4193 137
4193 4195 CS
4195 4215 138
4215 4217 CS
4217 4237 139
4237 4239 CS
4239 4259 47
4259 4261 CS
4261 4281 49
4281 4283 CS
4283 4303 140
4303 4305 CS
4305 4325 141
4325 4327 CS
4327 4347 142
4347 4349 CS
4349 4369 48
4369 4371 CS
4371 4391 143
4391 4393 CS
4393 4404 19
4404 4406 CS
4406 4426 144
4426 4428 CS
4428 4448 145
4448 4450 CS
4450 4470 50
4470 4472 CS
4472 4492 146
4492 4494 CS
4494 4514 147
4514 4516 CS
4516 4536 20
4536 4538 CS
4538 4558 148
4558 4560 CS
4560 4580 149
4580 4582 CS
4582 4602 51
4602 4604 CS
4604 4624 150
4624 4626 CS
4626 4646 151
4646 4648 CS
4648 4668 152
4668 4670 CS
4670 4690 6
4690 4692 CS
4692 4712 154
4712 4714 CS
4714 4734 153
4734 4736 CS
4736 4756 155
4756 4758 CS
4758 4778 156
4778 4780 CS
4780 4800 157
4800 4802 CS
4802 4822 158
4822 4824 CS
4824 4844 159
4844 4846 CS
4846 4866 160
4866 4868 CS
4868 4887 52
4887 4889 CS
4889 4909 161
4909 4911 CS
4911 4931 162
4931 4933 CS
4933 4953 163
4953 4955 CS
4955 4975 164
4975 4977 CS
4977 4997 165
4997 4999 CS
4999 5019 166
5019 5021 CS
5021 5036 21
5036 5038 CS
5038 5058 53
5058 5060 CS
5060 5079 167
5079 5081 CS
5081 5101 54
5101 5103 CS
5103 5123 55
5123 5125 CS
5125 5145 168
5145 5147 CS
5147 5167 169
5167 5169 CS
5169 5189 170
5189 5191 CS
5191 5211 56
5211 5213 CS
5213 5233 172
5233 5235 CS
5235 5255 171
5255 5257 CS
5257 5277 173
5277 5279 CS
5279 5299 57
5299 5301 CS
5301 5321 174
5321 5323 CS
5323 5343 175
5343 5345 CS
5345 5365 176
5365 5367 CS
5367 5375 23
5375 5377 CS
5377 5397 58
5397 5399 CS
5399 5419 177
5419 5421 CS
5421 5436 24
5436 5438 CS
5438 5458 178
5458 5460 CS
5460 5463 7
5463 5465 CS
5465 5485 179
5485 5487 CS
5487 5507 180
5507 5509 CS
5509 5529 181
5529 5531 CS
5531 5551 59
5551 5553 CS
5553 5573 60
5573 5575 CS
5575 5595 182
5595 5597 CS
5597 5617 183
5617 5619 CS
5619 5639 184
5639 5641 CS
5641 5650 27
5650 5652 CS
5652 5672 185
5672 5674 CS
5674 5694 186
5694 5696 CS
5696 5716 61
5716 5718 CS
5718 5738 187
5738 5740 CS
5740 5760 188
5760 5762 CS
5762 5778 62
5778 5780 CS
5780 5800 189
5800 5802 CS
5802 5822 63
5822 5824 CS
5824 5844 190
5844 5846 CS
5846 5866 191
5866 5868 CS
5868 5888 192
5888 5890 CS
5890 5910 64
5910 5912 CS
5912 5932 193
5932 5934 CS
5934 5954 194
5954 5956 CS
5956 5976 195
5976 5978 CS
5978 5998 196
5998 6000 CS
6000 6002 197
6002 6004 CS
6004 6024 198
6024 6026 CS
6026 6046 66
6046 6048 CS
6048 6068 65
6068 6070 CS
6070 6090 199
6090 6092 CS
6092 6112 67
6112 6114 CS
6114 6125 25
6125 6127 CS
6127 6147 68
6147 6149 CS
6149 6169 69
6169 6171 CS
6171 6191 70
6191 6193 CS
6193 6208 71
6208 6210 CS
6210 6230 72
6230 6232 CS
6232 6235 73
6235 6237 CS
6237 6257 74
6257 6259 CS
6259 6279 75
6279 6281 CS
6281 6301 76
6301 6303 CS
6303 6323 77
6323 6325 CS
6325 6333 78
6333 6335 CS
6335 6355 79
6355 6357 CS
6357 6377 80
6377 6379 CS
6379 6391 30
6391 6393 CS
6393 6413 81
6413 6415 CS
6415 6435 11
6435 6437 CS
6437 6457 82
6457 6459 CS
6459 6466 31
6466 6468 CS
6468 6488 83
6488 6490 CS
6490 6510 84
6510 6512 CS
6512 6531 32
6531 6533 CS
6533 6553 85
6553 6555 CS
6555 6575 87
6575 6577 CS
6577 6586 88
6586 6588 CS
6588 6603 12
6603 6605 CS
6605 6616 89
6616 6618 CS
6618 6638 90
6638 6640 CS
6640 6660 34
6660 6662 CS
6662 6682 91
6682 6684 CS
6684 6704 92
6704 6706 CS
6706 6726 93
6726 6728 CS
6728 6736 94
6736 6738 CS
6738 6742 14
6742 6744 CS
6744 6757 95
6757 6759 CS
6759 6779 35
6779 6781 CS
6781 6801 96
6801 6803 CS
6803 6804 97
6804 6806 CS
6806 6826 98
6826 6828 CS
6828 6848 99
6848 6850 CS
6850 6870 36
6870 6872 CS
6872 6892 100
6892 6894 CS
6894 6914 102
6914 6916 CS
6916 6936 101
6936 6938 CS
6938 6958 103
6958 6960 CS
6960 6980 104
6980 6982 CS
6982 6996 37
6996 6998 CS
6998 7018 105
7018 7020 CS
7020 7040 107
7040 7042 CS
7042 7062 106
7062 7064 CS
7064 7072 108
7072 7074 CS
7074 7094 109
7094 7096 CS
7096 7116 110
7116 7118 CS
7118 7138 112
7138 7140 CS
7140 7160 111
7160 7162 CS
7162 7182 113
7182 7184 CS
7184 7204 114
7204 7206 CS
7206 7221 15
7221 7223 CS
7223 7232 39
7232 7234 CS
7234 7254 115
7254 7256 CS
7256 7276 117
7276 7278 CS
7278 7298 118
7298 7300 CS
7300 7320 120
7320 7322 CS
7322 7342 122
7342 7344 CS
7344 7364 121
7364 7366 CS
7366 7386 125
7386 7388 CS
7388 7406 124
7406 7408 CS
7408 7413 4
7413 7415 CS
7415 7428 127
7428 7430 CS
7430 7450 128
7450 7452 CS
7452 7472 129
7472 7474 CS
7474 7494 42
7494 7496 CS
7496 7516 130
7516 7518 CS
7518 7538 131
7538 7540 CS
7540 7560 132
7560 7562 CS
7562 7581 45
7581 7583 CS
7583 7603 133
7603 7605 CS
7605 7625 135
7625 7627 CS
7627 7647 136
7647 7649 CS
7649 7669 46
7669 7671 CS
7671 7691 137
7691 7693 CS
7693 7713 138
7713 7715 CS
7715 7730 139
7730 7732 CS
7732 7752 47
7752 7754 CS
7754 7770 49
7770 7772 CS
7772 7792 140
7792 7794 CS
7794 7814 141
7814 7816 CS
7816 7836 142
7836 7838 CS
7838 7858 48
7858 7860 CS
7860 7880 143
7880 7882 CS
7882 7891 144
7891 7893 CS
7893 7913 145
7913 7915 CS
7915 7931 50
7931 7933 CS
7933 7953 146
7953 7955 CS
7955 7975 147
7975 7977 CS
7977 7987 20
7987 7989 CS
7989 8009 148
8009 8011 CS
8011 8031 149
8031 8033 CS
8033 8034 51
8034 8036 CS
8036 8056 150
8056 8058 CS
8058 8074 151
8074 8076 CS
8076 8096 152
8096 8098 CS
8098 8103 6
8103 8105 CS
8105 8125 154
8125 8127 CS
8127 8130 153
8130 8132 CS
8132 8152 155
8152 8154 CS
8154 8174 156
8174 8176 CS
8176 8180 157
8180 8182 CS
8182 8202 158
8202 8204 CS
8204 8224 159
8224 8226 CS
8226 8246 160
8246 8248 CS
8248 8268 161
8268 8270 CS
8270 8290 162
8290 8292 CS
8292 8312 163
8312 8314 CS
8314 8334 164
8334 8336 CS
8336 8356 165
8356 8358 CS
8358 8378 166
8378 8380 CS
8380 8395 53
8395 8397 CS
8397 8417 54
8417 8419 CS
8419 8426 55
8426 8428 CS
8428 8448 168
8448 8450 CS
8450 8470 169
8470 8472 CS
8472 8473 170
8473 8475 CS
8475 8483 56
8483 8485 CS
8485 8490 172
8490 8492 CS
8492 8508 171
8508 8510 CS
8510 8530 173
8530 8532 CS
8532 8552 57
8552 8554 CS
8554 8571 174
8571 8573 CS
8573 8593 175
8593 8595 CS
8595 8615 176
8615 8617 CS
8617 8635 58
8635 8637 CS
8637 8657 177
8657 8659 CS
8659 8679 178
8679 8681 CS
8681 8701 179
8701 8703 CS
8703 8723 180
8723 8725 CS
8725 8745 181
8745 8747 CS
8747 8767 59
8767 8769 CS
8769 8776 60
8776 8778 CS
8778 8798 182
8798 8800 CS
8800 8820 183
8820 8822 CS
8822 8834 184
8834 8836 CS
8836 8856 185
8856 8858 CS
8858 8878 186
8878 8880 CS
8880 8889 61
8889 8891 CS
8891 8911 187
8911 8913 CS
8913 8933 188
8933 8935 CS
8935 8941 189
8941 8943 CS
8943 8958 63
8958 8960 CS
8960 8980 190
8980 8982 CS
8982 9002 191
9002 9004 CS
9004 9009 192
9009 9011 CS
9011 9031 64
9031 9033 CS
9033 9053 193
9053 9055 CS
9055 9075 194
9075 9077 CS
9077 9097 195
9097 9099 CS
9099 9103 196
9103 9105 CS
9105 9125 198
9125 9127 CS
9127 9146 66
9146 9148 CS
9148 9168 65
9168 9170 CS
9170 9180 199
9180 9182 CS
9182 9193 67
9193 9195 CS
9195 9215 68
9215 9217 CS
9217 9236 69
9236 9238 CS
9238 9258 70
9258 9260 CS
9260 9280 72
9280 9282 CS
9282 9291 74
9291 9293 CS
9293 9306 75
9306 9308 CS
9308 9323 76
9323 9325 CS
9325 9345 77
9345 9347 CS
9347 9367 79
9367 9369 CS
9369 9371 80
9371 9373 CS
9373 9393 81
9393 9395 CS
9395 9408 82
9408 9410 CS
9410 9413 83
9413 9415 CS
9415 9435 84
9435 9437 CS
9437 9439 85
9439 9441 CS
9441 9461 87
9461 9463 CS
9463 9472 34
9472 9474 CS
9474 9494 91
9494 9496 CS
9496 9511 92
9511 9513 CS
9513 9532 93
9532 9534 CS
9534 9541 35
9541 9543 CS
9543 9553 96
9553 9555 CS
9555 9566 98
9566 9568 CS
9568 9571 99
9571 9573 CS
9573 9581 36
9581 9583 CS
9583 9603 100
9603 9605 CS
9605 9625 102
9625 9627 CS
9627 9647 101
9647 9649 CS
9649 9660 103
9660 9662 CS
9662 9669 104
9669 9671 CS
9671 9691 105
9691 9693 CS
9693 9713 107
9713 9715 CS
9715 9735 106
9735 9737 CS
9737 9757 110
9757 9759 CS
9759 9764 112
9764 9766 CS
9766 9786 111
9786 9788 CS
9788 9808 113
9808 9810 CS
9810 9829 114
9829 9831 CS
9831 9851 115
9851 9853 CS
9853 9856 117
9856 9858 CS
9858 9872 118
9872 9874 CS
9874 9885 120
9885 9887 CS
9887 9907 122
9907 9909 CS
9909 9929 121
9929 9931 CS
9931 9951 125
9951 9953 CS
9953 9973 128
9973 9975 CS
9975 9995 129
9995 9997 CS
9997 10003 42
10003 10005 CS
10005 10007 130
10007 10009 CS
10009 10029 131
10029 10031 CS
10031 10051 132
10051 10053 CS
10053 10068 133
10068 10070 CS
10070 10090 135
10090 10092 CS
10092 10112 136
10112 10114 CS
10114 10121 46
10121 10123 CS
10123 10143 137
10143 10145 CS
10145 10165 138
10165 10167 CS
10167 10175 47
10175 10177 CS
10177 10186 140
10186 10188 CS
10188 10195 141
10195 10197 CS
10197 10209 142
10209 10211 CS
10211 10223 48
10223 10225 CS
10225 10245 143
10245 10247 CS
10247 10251 145
10251 10253 CS
10253 10273 146
10273 10275 CS
10275 10295 147
10295 10297 CS
10297 10317 148
10317 10319 CS
10319 10332 149
10332 10334 CS
10334 10339 150
10339 10341 CS
10341 10361 152
10361 10363 CS
10363 10383 154
10383 10385 CS
10385 10401 155
10401 10403 CS
10403 10411 156
10411 10413 CS
10413 10416 158
10416 10418 CS
10418 10431 159
10431 10433 CS
10433 10440 160
10440 10442 CS
10442 10462 161
10462 10464 CS
10464 10471 162
10471 10473 CS
10473 10492 163
10492 10494 CS
10494 10500 164
10500 10502 CS
10502 10522 165
10522 10524 CS
10524 10532 166
10532 10534 CS
10534 10537 54
10537 10539 CS
10539 10550 168
10550 10552 CS
10552 10572 169
10572 10574 CS
10574 10575 173
10575 10577 CS
10577 10580 57
10580 10582 CS
10582 10602 175
10602 10604 CS
10604 10606 176
10606 10608 CS
10608 10627 177
10627 10629 CS
10629 10649 178
10649 10651 CS
10651 10671 179
10671 10673 CS
10673 10690 180
10690 10692 CS
10692 10712 181
10712 10714 CS
10714 10734 59
10734 10736 CS
10736 10739 182
10739 10741 CS
10741 10761 183
10761 10763 CS
10763 10771 185
10771 10773 CS
10773 10791 186
10791 10793 CS
10793 10813 187
10813 10815 CS
10815 10819 188
10819 10821 CS
10821 10834 190
10834 10836 CS
10836 10840 191
10840 10842 CS
10842 10844 64
10844 10846 CS
10846 10859 193
10859 10861 CS
10861 10866 194
10866 10868 CS
10868 10888 195
10888 10890 CS
10890 10899 198
10899 10901 CS
10901 10918 65
10918 10920 CS
10920 10928 68
10928 10930 CS
10930 10950 70
10950 10952 CS
10952 10956 72
10956 10958 CS
10958 10969 77
10969 10971 CS
10971 10988 79
10988 10990 CS
10990 10995 81
10995 10997 CS
10997 11017 84
11017 11019 CS
11019 11039 87
11039 11041 CS
11041 11061 91
11061 11063 CS
11063 11083 100
11083 11085 CS
11085 11099 102
11099 11101 CS
11101 11103 101
11103 11105 CS
11105 11121 105
11121 11123 CS
11123 11132 107
11132 11134 CS
11134 11154 106
11154 11156 CS
11156 11175 110
11175 11177 CS
11177 11187 111
11187 11189 CS
11189 11196 113
11196 11198 CS
11198 11218 115
11218 11220 CS
11220 11222 122
11222 11224 CS
11224 11244 121
11244 11246 CS
11246 11249 125
11249 11251 CS
11251 11265 128
11265 11267 CS
11267 11270 129
11270 11272 CS
11272 11281 131
11281 11283 CS
11283 11284 132
11284 11286 CS
11286 11306 135
11306 11308 CS
11308 11328 136
11328 11330 CS
11330 11350 137
11350 11352 CS
11352 11359 143
11359 11361 CS
11361 11363 146
11363 11365 CS
11365 11385 147
11385 11387 CS
11387 11399 148
11399 11401 CS
11401 11407 152
11407 11409 CS
11409 11417 154
11417 11419 CS
11419 11439 161
11439 11441 CS
11441 11446 165
11446 11448 CS
11448 11468 169
11468 11470 CS
11470 11473 175
11473 11475 CS
11475 11485 179
11485 11487 CS
11487 11488 181
11488 11490 CS
11490 11505 59
11505 11507 CS
11507 11508 183
11508 11510 CS
11510 11528 187
11528 11530 CS
11530 11537 195
11537 11539 CS
11539 11545 70
11545 11547 CS
11547 11548 87
11548 11550 CS
11550 11559 100
11559 11561 CS
11561 11580 106
11580 11582 CS
11582 11583 115
11583 11585 CS
11585 11592 121
11592 11594 CS
11594 11598 135
11598 11600 CS
11600 11605 136
11605 11607 CS
11607 11610 137
11610 11612 CS
11612 11616 147
11616 11618 CS
11618 11624 161
11624 11626 CS
11626 11628 169
