start end pid
18 76 0
76 78 CS
78 103 8
103 105 CS
105 121 10
121 123 CS
123 177 5
177 179 CS
179 209 18
209 211 CS
211 246 16
246 248 CS
248 273 22
273 275 CS
275 276 26
276 278 CS
278 315 28
315 317 CS
317 351 29
351 353 CS
353 400 13
400 402 CS
402 439 33
439 441 CS
441 454 38
454 456 CS
456 482 40
482 484 CS
484 521 41
521 523 CS
523 570 31
570 572 CS
572 600 43
600 602 CS
602 638 44
638 640 CS
640 681 51
681 683 CS
683 722 52
722 724 CS
724 771 55
771 773 CS
773 820 60
820 822 CS
822 858 62
858 860 CS
860 895 71
895 897 CS
897 920 73
920 922 CS
922 950 78
950 952 CS
952 994 80
994 996 CS
996 1013 86
1013 1015 CS
1015 1057 85
1057 1059 CS
1059 1088 88
1088 1090 CS
1090 1118 94
1118 1120 CS
1120 1141 97
1141 1143 CS
1143 1174 89
1174 1176 CS
1176 1204 108
1204 1206 CS
1206 1239 95
1239 1241 CS
1241 1281 90
1281 1283 CS
1283 1293 116
1293 1295 CS
1295 1335 109
1335 1337 CS
1337 1341 119
1341 1343 CS
1343 1353 123
1353 1355 CS
1355 1367 126
1367 1369 CS
1369 1402 127
1402 1404 CS
1404 1442 124
1442 1444 CS
1444 1486 130
1486 1488 CS
1488 1506 134
1506 1508 CS
1508 1543 139
1543 1545 CS
1545 1588 83
1588 1590 CS
1590 1619 144
1619 1621 CS
1621 1664 99
1664 1666 CS
1666 1702 151
1702 1704 CS
1704 1727 153
1727 1729 CS
1729 1753 157
1753 1755 CS
1755 1774 167
1774 1776 CS
1776 1819 117
1819 1821 CS
1821 1842 170
1842 1844 CS
1844 1869 172
1869 1871 CS
1871 1907 171
1907 1909 CS
1909 1946 174
1946 1948 CS
1948 1989 173
1989 1991 CS
1991 2023 184
2023 2025 CS
2025 2067 176
2067 2069 CS
2069 2094 192
2094 2096 CS
2096 2098 197
2098 2100 CS
2100 2124 196
2124 2126 CS
2126 2152 189
2152 2154 CS
2154 2184 199
2184 2186 CS
2186 2229 158
2229 2231 CS
2231 2274 182
2274 2276 CS
2276 2320 145
2320 2322 CS
2322 2366 188
2366 2368 CS
2368 2412 191
2412 2414 CS
2414 2459 112
2459 2461 CS
2461 2506 150
2506 2508 CS
2508 2553 194
2553 2555 CS
2555 2601 164
2601 2603 CS
2603 2650 104
2650 2652 CS
2652 2699 141
2699 2701 CS
2701 2748 160
2748 2750 CS
2750 2797 162
2797 2799 CS
2799 2847 23
2847 2849 CS
2849 2897 56
2897 2899 CS
2899 2947 156
2947 2949 CS
2949 2997 166
2997 2999 CS
2999 3047 185
3047 3049 CS
3049 3098 27
3098 3100 CS
3100 3149 39
3149 3151 CS
3151 3200 61
3200 3202 CS
3202 3251 74
3251 3253 CS
3253 3302 140
3302 3304 CS
3304 3353 198
3353 3355 CS
3355 3405 96
3405 3407 CS
3407 3458 19
3458 3460 CS
3460 3511 25
3511 3513 CS
3513 3564 67
3564 3566 CS
3566 3617 98
3617 3619 CS
3619 3670 103
3670 3672 CS
3672 3723 120
3723 3725 CS
3725 3776 168
3776 3778 CS
3778 3830 30
3830 3832 CS
3832 3884 142
3884 3886 CS
3886 3939 75
3939 3941 CS
3941 3994 82
3994 3996 CS
3996 4049 149
4049 4051 CS
4051 4104 159
4104 4106 CS
4106 4159 190
4159 4161 CS
4161 4214 193
4214 4216 CS
4216 4270 37
4270 4272 CS
4272 4326 118
4326 4328 CS
4328 4383 21
4383 4385 CS
4385 4440 24
4440 4442 CS
4442 4497 53
4497 4499 CS
4499 4554 63
4554 4556 CS
4556 4611 76
4611 4613 CS
4613 4668 92
4668 4670 CS
4670 4725 133
4725 4727 CS
4727 4783 49
4783 4785 CS
4785 4841 50
4841 4843 CS
4843 4899 155
4899 4901 CS
4901 4958 17
4958 4960 CS
4960 5017 180
5017 5019 CS
5019 5077 58
5077 5079 CS
5079 5137 186
5137 5139 CS
5139 5198 32
5198 5200 CS
5200 5259 45
5259 5261 CS
5261 5320 66
5320 5322 CS
5322 5381 69
5381 5383 CS
5383 5442 93
5442 5444 CS
5444 5503 114
5503 5505 CS
5505 5564 163
5564 5566 CS
5566 5625 177
5625 5627 CS
5627 5687 1
5687 5689 CS
5689 5749 9
5749 5751 CS
5751 5811 138
5811 5813 CS
5813 5873 178
5873 5875 CS
5875 5936 132
5936 5938 CS
5938 5999 181
5999 6001 CS
6001 6062 183
6062 6064 CS
6064 6126 64
6126 6128 CS
6128 6190 101
6190 6192 CS
6192 6254 122
6254 6256 CS
6256 6318 146
6318 6320 CS
6320 6383 7
6383 6385 CS
6385 6448 54
6448 6450 CS
6450 6513 57
6513 6515 CS
6515 6578 125
6578 6580 CS
6580 6643 129
6643 6645 CS
6645 6708 175
6708 6710 CS
6710 6774 2
6774 6776 CS
6776 6840 14
6840 6842 CS
6842 6906 72
6906 6908 CS
6908 6973 81
6973 6975 CS
6975 7040 165
7040 7042 CS
7042 7108 42
7108 7110 CS
7110 7176 152
7176 7178 CS
7178 7245 35
7245 7247 CS
7247 7314 46
7314 7316 CS
7316 7383 113
7383 7385 CS
7385 7452 143
7452 7454 CS
7454 7521 195
7521 7523 CS
7523 7591 3
7591 7593 CS
7593 7661 36
7661 7663 CS
7663 7731 47
7731 7733 CS
7733 7801 68
7801 7803 CS
7803 7871 154
7871 7873 CS
7873 7942 34
7942 7944 CS
7944 8013 107
8013 8015 CS
8015 8084 131
8084 8086 CS
8086 8156 20
8156 8158 CS
8158 8228 111
8228 8230 CS
8230 8300 179
8300 8302 CS
8302 8373 77
8373 8375 CS
8375 8447 48
8447 8449 CS
8449 8521 148
8521 8523 CS
8523 8597 102
8597 8599 CS
8599 8673 128
8673 8675 CS
8675 8750 12
8750 8752 CS
8752 8827 15
8827 8829 CS
8829 8905 105
8905 8907 CS
8907 8984 65
8984 8986 CS
8986 9063 79
9063 9065 CS
9065 9143 187
9143 9145 CS
9145 9224 110
9224 9226 CS
9226 9306 11
9306 9308 CS
9308 9388 84
9388 9390 CS
9390 9470 91
9470 9472 CS
9472 9553 87
9553 9555 CS
9555 9636 115
9636 9638 CS
9638 9720 169
9720 9722 CS
9722 9805 137
9805 9807 CS
9807 9891 135
9891 9893 CS
9893 9977 147
9977 9979 CS
9979 10064 4
10064 10066 CS
10066 10151 6
10151 10153 CS
10153 10238 136
10238 10240 CS
10240 10326 70
10326 10328 CS
10328 10414 161
10414 10416 CS
10416 10503 121
10503 10505 CS
10505 10594 100
10594 10596 CS
10596 10691 59
10691 10693 CS
10693 10792 106
